Date,High,Low,Open,Close,Volume,Adj Close
2009-01-02,17.959999084472656,17.219999313354492,17.790000915527344,17.649999618530273,957900,17.649999618530273
2009-01-05,19.149999618530273,17.309999465942383,17.549999237060547,19.0,1837100,19.0
2009-01-06,19.5,18.290000915527344,19.229999542236328,18.309999465942383,2332200,18.309999465942383
2009-01-07,19.239999771118164,17.59000015258789,19.059999465942383,18.639999389648438,3587600,18.639999389648438
2009-01-08,19.020000457763672,18.09000015258789,18.729999542236328,18.84000015258789,1668000,18.84000015258789
2009-01-09,19.25,18.239999771118164,19.200000762939453,18.6299991607666,1105400,18.6299991607666
2009-01-12,18.889999389648438,18.149999618530273,18.889999389648438,18.760000228881836,1313100,18.760000228881836
2009-01-13,19.670000076293945,18.6299991607666,18.809999465942383,19.56999969482422,1313700,19.56999969482422
2009-01-14,20.049999237060547,18.920000076293945,19.510000228881836,19.0,2251800,19.0
2009-01-15,19.950000762939453,18.530000686645508,18.75,19.75,1987000,19.75
2009-01-16,21.229999542236328,19.770000457763672,20.190000534057617,20.829999923706055,2850300,20.829999923706055
2009-01-20,20.649999618530273,15.880000114440918,20.440000534057617,18.850000381469727,3054900,18.850000381469727
2009-01-21,19.6299991607666,18.979999542236328,19.229999542236328,19.56999969482422,1667800,19.56999969482422
2009-01-22,19.459999084472656,18.100000381469727,19.0,18.969999313354492,2455400,18.969999313354492
2009-01-23,19.059999465942383,18.25,18.579999923706055,18.56999969482422,2462600,18.56999969482422
2009-01-26,19.40999984741211,18.3799991607666,18.59000015258789,19.18000030517578,1627100,19.18000030517578
2009-01-27,19.719999313354492,19.110000610351562,19.420000076293945,19.3799991607666,949800,19.3799991607666
2009-01-28,20.079999923706055,19.610000610351562,19.6299991607666,19.81999969482422,1125700,19.81999969482422
2009-01-29,19.969999313354492,19.43000030517578,19.690000534057617,19.5,724100,19.5
2009-01-30,19.770000457763672,19.229999542236328,19.5,19.260000228881836,738800,19.260000228881836
2009-02-02,19.90999984741211,18.93000030517578,19.049999237060547,19.700000762939453,1263100,19.700000762939453
2009-02-03,19.530000686645508,18.65999984741211,19.18000030517578,19.260000228881836,2555900,19.260000228881836
2009-02-04,19.889999389648438,19.010000228881836,19.3700008392334,19.260000228881836,1219100,19.260000228881836
2009-02-05,19.670000076293945,18.770000457763672,19.020000457763672,19.5,1089200,19.5
2009-02-06,20.360000610351562,19.329999923706055,19.649999618530273,19.690000534057617,878000,19.690000534057617
2009-02-09,20.1200008392334,19.450000762939453,19.709999084472656,19.690000534057617,1725200,19.690000534057617
2009-02-10,20.020000457763672,19.010000228881836,19.889999389648438,19.25,1468400,19.25
2009-02-11,19.6299991607666,18.950000762939453,19.209999084472656,19.43000030517578,1143300,19.43000030517578
2009-02-12,19.520000457763672,18.600000381469727,18.600000381469727,19.399999618530273,3546400,19.399999618530273
2009-02-13,19.280000686645508,18.290000915527344,19.200000762939453,18.559999465942383,2019800,18.559999465942383
2009-02-17,18.469999313354492,17.520000457763672,17.540000915527344,18.110000610351562,1901400,18.110000610351562
2009-02-18,18.110000610351562,17.600000381469727,18.100000381469727,17.690000534057617,1903900,17.690000534057617
2009-02-19,13.399999618530273,11.819999694824219,13.350000381469727,12.039999961853027,30038000,12.039999961853027
2009-02-20,12.210000038146973,11.479999542236328,11.789999961853027,11.8100004196167,8548400,11.8100004196167
2009-02-23,12.1899995803833,11.760000228881836,11.800000190734863,11.779999732971191,7900800,11.779999732971191
2009-02-24,13.239999771118164,12.0,12.09000015258789,13.199999809265137,8035900,13.199999809265137
2009-02-25,13.510000228881836,12.609999656677246,13.09000015258789,13.039999961853027,5110400,13.039999961853027
2009-02-26,13.5,12.630000114440918,13.069999694824219,12.680000305175781,4954800,12.680000305175781
2009-02-27,12.550000190734863,12.0,12.529999732971191,12.0,3063300,12.0
2009-03-02,11.989999771118164,11.020000457763672,11.739999771118164,11.050000190734863,4269000,11.050000190734863
2009-03-03,11.399999618530273,10.09000015258789,11.029999732971191,10.600000381469727,5330000,10.600000381469727
2009-03-04,11.770000457763672,10.510000228881836,11.75,11.0,3760600,11.0
2009-03-05,10.970000267028809,9.960000038146973,10.920000076293945,10.170000076293945,3248600,10.170000076293945
2009-03-06,10.539999961853027,9.930000305175781,10.220000267028809,10.220000267028809,2168600,10.220000267028809
2009-03-09,10.600000381469727,10.010000228881836,10.0600004196167,10.140000343322754,1846600,10.140000343322754
2009-03-10,10.859999656677246,10.319999694824219,10.319999694824219,10.789999961853027,2275000,10.789999961853027
2009-03-11,11.100000381469727,10.210000038146973,10.920000076293945,10.25,2438100,10.25
2009-03-12,11.050000190734863,10.0,10.359999656677246,11.0,2350900,11.0
2009-03-13,11.59000015258789,10.90999984741211,10.930000305175781,11.460000038146973,1543700,11.460000038146973
2009-03-16,11.960000038146973,11.399999618530273,11.699999809265137,11.489999771118164,1951200,11.489999771118164
2009-03-17,12.109999656677246,11.420000076293945,11.4399995803833,12.109999656677246,1446000,12.109999656677246
2009-03-18,12.390000343322754,11.850000381469727,11.970000267028809,12.050000190734863,1740900,12.050000190734863
2009-03-19,12.65999984741211,12.0600004196167,12.15999984741211,12.220000267028809,2430500,12.220000267028809
2009-03-20,12.369999885559082,11.920000076293945,12.319999694824219,12.180000305175781,2334100,12.180000305175781
2009-03-23,12.319999694824219,12.079999923706055,12.319999694824219,12.25,1854900,12.25
2009-03-24,13.180000305175781,12.119999885559082,12.289999961853027,12.819999694824219,3506600,12.819999694824219
2009-03-25,13.25,12.199999809265137,12.960000038146973,12.739999771118164,1721600,12.739999771118164
2009-03-26,13.800000190734863,12.579999923706055,12.800000190734863,13.739999771118164,3349100,13.739999771118164
2009-03-27,13.699999809265137,13.0,13.5600004196167,13.199999809265137,1293000,13.199999809265137
2009-03-30,12.710000038146973,12.100000381469727,12.680000305175781,12.6899995803833,1196800,12.6899995803833
2009-03-31,12.850000381469727,12.25,12.649999618530273,12.350000381469727,1706600,12.350000381469727
2009-04-01,12.25,11.369999885559082,12.050000190734863,12.100000381469727,1558800,12.100000381469727
2009-04-02,12.5600004196167,12.149999618530273,12.510000228881836,12.220000267028809,2039900,12.220000267028809
2009-04-03,12.359999656677246,11.979999542236328,12.220000267028809,12.25,1702200,12.25
2009-04-06,12.229999542236328,11.65999984741211,12.0,11.920000076293945,1453800,11.920000076293945
2009-04-07,12.079999923706055,11.510000228881836,11.850000381469727,12.010000228881836,1585200,12.010000228881836
2009-04-08,12.149999618530273,11.859999656677246,12.029999732971191,12.079999923706055,1537700,12.079999923706055
2009-04-09,13.039999961853027,12.289999961853027,12.479999542236328,12.789999961853027,1940600,12.789999961853027
2009-04-13,13.300000190734863,12.739999771118164,12.779999732971191,13.260000228881836,2608100,13.260000228881836
2009-04-14,13.239999771118164,12.779999732971191,13.069999694824219,13.050000190734863,1698600,13.050000190734863
2009-04-15,13.130000114440918,12.5600004196167,13.039999961853027,12.8100004196167,2253000,12.8100004196167
2009-04-16,12.970000267028809,12.380000114440918,12.859999656677246,12.680000305175781,1952200,12.680000305175781
2009-04-17,13.069999694824219,12.449999809265137,12.8100004196167,12.869999885559082,2645300,12.869999885559082
2009-04-20,12.8100004196167,12.15999984741211,12.539999961853027,12.270000457763672,1267600,12.270000457763672
2009-04-21,12.760000228881836,12.15999984741211,12.260000228881836,12.680000305175781,995500,12.680000305175781
2009-04-22,12.770000457763672,12.3100004196167,12.510000228881836,12.399999618530273,1544200,12.399999618530273
2009-04-23,12.600000381469727,12.050000190734863,12.600000381469727,12.130000114440918,1605800,12.130000114440918
2009-04-24,12.550000190734863,12.260000228881836,12.34000015258789,12.420000076293945,1223700,12.420000076293945
2009-04-27,13.489999771118164,12.220000267028809,12.359999656677246,13.010000228881836,3609600,13.010000228881836
2009-04-28,13.539999961853027,12.819999694824219,13.0,13.109999656677246,1815600,13.109999656677246
2009-04-29,13.34000015258789,12.859999656677246,13.09000015258789,13.109999656677246,1774200,13.109999656677246
2009-04-30,13.59000015258789,12.729999542236328,12.9399995803833,12.859999656677246,2361600,12.859999656677246
2009-05-01,14.800000190734863,12.65999984741211,12.850000381469727,13.6899995803833,3754500,13.6899995803833
2009-05-04,13.979999542236328,13.40999984741211,13.75,13.9399995803833,2183600,13.9399995803833
2009-05-05,14.460000038146973,13.75,14.0,14.390000343322754,3399200,14.390000343322754
2009-05-06,14.979999542236328,14.010000228881836,14.449999809265137,14.210000038146973,2216300,14.210000038146973
2009-05-07,14.779999732971191,14.319999694824219,14.329999923706055,14.539999961853027,2013900,14.539999961853027
2009-05-08,14.9399995803833,14.399999618530273,14.609999656677246,14.65999984741211,1082400,14.65999984741211
2009-05-11,14.710000038146973,14.239999771118164,14.539999961853027,14.5600004196167,1637700,14.5600004196167
2009-05-12,14.550000190734863,14.239999771118164,14.449999809265137,14.390000343322754,1229200,14.390000343322754
2009-05-13,14.25,13.800000190734863,14.100000381469727,13.949999809265137,1243100,13.949999809265137
2009-05-14,14.319999694824219,13.850000381469727,13.970000267028809,14.170000076293945,811000,14.170000076293945
2009-05-15,14.199999809265137,13.930000305175781,14.020000457763672,14.0,1141100,14.0
2009-05-18,14.380000114440918,13.90999984741211,14.0,14.319999694824219,1004300,14.319999694824219
2009-05-19,14.6899995803833,14.15999984741211,14.34000015258789,14.5600004196167,958900,14.5600004196167
2009-05-20,14.949999809265137,14.489999771118164,14.539999961853027,14.760000228881836,2203400,14.760000228881836
2009-05-21,14.449999809265137,14.0,14.25,14.180000305175781,1095400,14.180000305175781
2009-05-22,14.479999542236328,14.0,14.210000038146973,14.029999732971191,647300,14.029999732971191
2009-05-26,14.25,13.699999809265137,13.800000190734863,14.119999885559082,968500,14.119999885559082
2009-05-27,14.359999656677246,13.960000038146973,14.100000381469727,14.069999694824219,622900,14.069999694824219
2009-05-28,14.210000038146973,13.890000343322754,14.0600004196167,14.09000015258789,800900,14.09000015258789
2009-05-29,14.229999542236328,13.779999732971191,14.220000267028809,13.9399995803833,1143100,13.9399995803833
2009-06-01,14.270000457763672,13.960000038146973,13.970000267028809,14.100000381469727,990000,14.100000381469727
2009-06-02,14.270000457763672,13.600000381469727,13.739999771118164,14.069999694824219,1408900,14.069999694824219
2009-06-03,14.050000190734863,13.729999542236328,13.930000305175781,13.84000015258789,1211800,13.84000015258789
2009-06-04,14.079999923706055,13.729999542236328,13.899999618530273,13.819999694824219,846000,13.819999694824219
2009-06-05,13.890000343322754,13.470000267028809,13.859999656677246,13.529999732971191,1164200,13.529999732971191
2009-06-08,13.729999542236328,12.949999809265137,13.59000015258789,13.600000381469727,1959500,13.600000381469727
2009-06-09,14.229999542236328,13.720000267028809,13.739999771118164,14.079999923706055,1367200,14.079999923706055
2009-06-10,14.329999923706055,13.899999618530273,14.15999984741211,14.140000343322754,1305100,14.140000343322754
2009-06-11,14.930000305175781,14.109999656677246,14.15999984741211,14.729999542236328,1890100,14.729999542236328
2009-06-12,14.899999618530273,14.420000076293945,14.520000457763672,14.779999732971191,908200,14.779999732971191
2009-06-15,15.3100004196167,14.5,14.739999771118164,15.0,3151800,15.0
2009-06-16,15.0,14.680000305175781,14.720000267028809,14.8100004196167,2652100,14.8100004196167
2009-06-17,15.09000015258789,14.729999542236328,14.899999618530273,14.789999961853027,1244100,14.789999961853027
2009-06-18,15.050000190734863,14.710000038146973,14.729999542236328,15.020000457763672,960400,15.020000457763672
2009-06-19,15.479999542236328,15.119999885559082,15.220000267028809,15.359999656677246,1908800,15.359999656677246
2009-06-22,15.4399995803833,14.739999771118164,15.229999542236328,14.789999961853027,1569900,14.789999961853027
2009-06-23,14.880000114440918,14.539999961853027,14.819999694824219,14.6899995803833,1035400,14.6899995803833
2009-06-24,15.1899995803833,14.720000267028809,14.84000015258789,15.15999984741211,1366300,15.15999984741211
2009-06-25,15.489999771118164,14.930000305175781,15.0,15.479999542236328,1859900,15.479999542236328
2009-06-26,16.010000228881836,15.109999656677246,15.15999984741211,15.9399995803833,2136300,15.9399995803833
2009-06-29,15.899999618530273,15.15999984741211,15.84000015258789,15.59000015258789,1550200,15.59000015258789
2009-06-30,15.850000381469727,15.329999923706055,15.600000381469727,15.609999656677246,1251700,15.609999656677246
2009-07-01,15.720000267028809,15.399999618530273,15.619999885559082,15.460000038146973,1142400,15.460000038146973
2009-07-02,15.319999694824219,14.770000457763672,15.319999694824219,14.880000114440918,1005900,14.880000114440918
2009-07-06,14.779999732971191,14.369999885559082,14.649999618530273,14.59000015258789,709600,14.59000015258789
2009-07-07,14.59000015258789,14.050000190734863,14.539999961853027,14.100000381469727,810900,14.100000381469727
2009-07-08,14.239999771118164,13.710000038146973,14.069999694824219,13.949999809265137,829700,13.949999809265137
2009-07-09,14.289999961853027,13.890000343322754,14.0,14.279999732971191,1384300,14.279999732971191
2009-07-10,14.359999656677246,14.079999923706055,14.079999923706055,14.25,653200,14.25
2009-07-13,14.479999542236328,14.069999694824219,14.289999961853027,14.449999809265137,718500,14.449999809265137
2009-07-14,14.829999923706055,14.369999885559082,14.399999618530273,14.579999923706055,871000,14.579999923706055
2009-07-15,15.020000457763672,14.600000381469727,14.609999656677246,14.90999984741211,1714800,14.90999984741211
2009-07-16,15.069999694824219,14.359999656677246,14.800000190734863,14.460000038146973,2162600,14.460000038146973
2009-07-17,14.579999923706055,13.979999542236328,14.420000076293945,13.989999771118164,1544000,13.989999771118164
2009-07-20,14.430000305175781,13.90999984741211,13.989999771118164,14.100000381469727,1785200,14.100000381469727
2009-07-21,14.380000114440918,13.949999809265137,14.130000114440918,14.050000190734863,2051000,14.050000190734863
2009-07-22,14.1899995803833,13.819999694824219,14.050000190734863,13.859999656677246,1249900,13.859999656677246
2009-07-23,14.270000457763672,13.8100004196167,13.899999618530273,14.199999809265137,2741900,14.199999809265137
2009-07-24,15.0,14.0,14.210000038146973,14.770000457763672,2446800,14.770000457763672
2009-07-27,15.279999732971191,14.829999923706055,14.920000076293945,15.0600004196167,1803300,15.0600004196167
2009-07-28,15.1899995803833,14.729999542236328,15.09000015258789,15.140000343322754,1101900,15.140000343322754
2009-07-29,15.220000267028809,14.829999923706055,14.970000267028809,14.899999618530273,1889700,14.899999618530273
2009-07-30,15.229999542236328,14.6899995803833,15.229999542236328,14.8100004196167,1665400,14.8100004196167
2009-07-31,16.40999984741211,15.0,15.09000015258789,16.40999984741211,3625200,16.40999984741211
2009-08-03,16.450000762939453,15.970000267028809,16.420000076293945,16.420000076293945,2116800,16.420000076293945
2009-08-04,16.469999313354492,15.949999809265137,16.350000381469727,16.299999237060547,1750900,16.299999237060547
2009-08-05,16.34000015258789,15.800000190734863,16.200000762939453,15.979999542236328,1365000,15.979999542236328
2009-08-06,16.049999237060547,15.75,16.0,15.800000190734863,957300,15.800000190734863
2009-08-07,16.020000457763672,15.729999542236328,16.0,15.75,1162300,15.75
2009-08-10,15.920000076293945,15.649999618530273,15.6899995803833,15.850000381469727,908600,15.850000381469727
2009-08-11,15.970000267028809,15.449999809265137,15.710000038146973,15.670000076293945,403300,15.670000076293945
2009-08-12,16.1299991607666,15.75,15.800000190734863,15.789999961853027,1709400,15.789999961853027
2009-08-13,15.920000076293945,15.430000305175781,15.920000076293945,15.680000305175781,844300,15.680000305175781
2009-08-14,15.800000190734863,15.350000381469727,15.75,15.569999694824219,493100,15.569999694824219
2009-08-17,15.420000076293945,15.050000190734863,15.329999923706055,15.119999885559082,1095300,15.119999885559082
2009-08-18,15.359999656677246,14.960000038146973,15.239999771118164,15.09000015258789,1182100,15.09000015258789
2009-08-19,15.729999542236328,15.0,15.119999885559082,15.59000015258789,1371200,15.59000015258789
2009-08-20,15.899999618530273,15.510000228881836,15.6899995803833,15.8100004196167,1128800,15.8100004196167
2009-08-21,16.06999969482422,15.630000114440918,15.630000114440918,15.979999542236328,1164700,15.979999542236328
2009-08-24,16.020000457763672,15.710000038146973,16.0,15.890000343322754,559900,15.890000343322754
2009-08-25,15.930000305175781,15.569999694824219,15.829999923706055,15.8100004196167,1241600,15.8100004196167
2009-08-26,16.040000915527344,15.59000015258789,15.710000038146973,15.970000267028809,1010400,15.970000267028809
2009-08-27,16.1200008392334,15.65999984741211,16.0,16.06999969482422,821700,16.06999969482422
2009-08-28,16.540000915527344,15.90999984741211,16.06999969482422,16.469999313354492,1850000,16.469999313354492
2009-08-31,16.479999542236328,16.020000457763672,16.399999618530273,16.469999313354492,1273300,16.469999313354492
2009-09-01,16.739999771118164,15.890000343322754,16.299999237060547,15.970000267028809,1183300,15.970000267028809
2009-09-02,16.18000030517578,15.880000114440918,16.010000228881836,16.059999465942383,893800,16.059999465942383
2009-09-03,16.25,15.609999656677246,16.190000534057617,15.819999694824219,839400,15.819999694824219
2009-09-04,16.100000381469727,15.800000190734863,15.800000190734863,16.079999923706055,336600,16.079999923706055
2009-09-08,16.3799991607666,16.059999465942383,16.239999771118164,16.15999984741211,329600,16.15999984741211
2009-09-09,16.65999984741211,16.100000381469727,16.100000381469727,16.440000534057617,664400,16.440000534057617
2009-09-10,18.360000610351562,16.270000457763672,16.350000381469727,17.350000381469727,9479100,17.350000381469727
2009-09-11,17.690000534057617,17.329999923706055,17.420000076293945,17.450000762939453,1803700,17.450000762939453
2009-09-14,17.600000381469727,16.75,17.350000381469727,17.540000915527344,1206600,17.540000915527344
2009-09-15,17.860000610351562,17.399999618530273,17.450000762939453,17.559999465942383,2003600,17.559999465942383
2009-09-16,17.700000762939453,17.200000762939453,17.649999618530273,17.479999542236328,1343200,17.479999542236328
2009-09-17,18.59000015258789,17.489999771118164,17.6299991607666,18.31999969482422,3791100,18.31999969482422
2009-09-18,18.549999237060547,17.969999313354492,18.329999923706055,18.100000381469727,2493400,18.100000381469727
2009-09-21,18.280000686645508,17.760000228881836,17.8799991607666,18.15999984741211,1005700,18.15999984741211
2009-09-22,18.329999923706055,17.729999542236328,18.290000915527344,17.829999923706055,1901800,17.829999923706055
2009-09-23,18.5,17.719999313354492,18.0,17.989999771118164,3092100,17.989999771118164
2009-09-24,18.219999313354492,17.719999313354492,18.0,17.799999237060547,1295300,17.799999237060547
2009-09-25,18.010000228881836,17.75,17.780000686645508,17.90999984741211,966100,17.90999984741211
2009-09-28,18.190000534057617,17.889999389648438,18.020000457763672,18.190000534057617,823400,18.190000534057617
2009-09-29,18.34000015258789,17.969999313354492,18.139999389648438,18.329999923706055,1081700,18.329999923706055
2009-09-30,18.389999389648438,17.860000610351562,18.3700008392334,18.079999923706055,643300,18.079999923706055
2009-10-01,18.25,17.780000686645508,18.15999984741211,17.790000915527344,2057300,17.790000915527344
2009-10-02,17.700000762939453,17.18000030517578,17.700000762939453,17.389999389648438,1063500,17.389999389648438
2009-10-05,17.84000015258789,17.190000534057617,17.309999465942383,17.530000686645508,1119800,17.530000686645508
2009-10-06,17.979999542236328,17.3700008392334,17.549999237060547,17.809999465942383,1075500,17.809999465942383
2009-10-07,17.90999984741211,17.530000686645508,17.860000610351562,17.75,592500,17.75
2009-10-08,17.860000610351562,17.360000610351562,17.75,17.440000534057617,1468000,17.440000534057617
2009-10-09,17.540000915527344,17.260000228881836,17.5,17.469999313354492,925700,17.469999313354492
2009-10-12,17.809999465942383,17.40999984741211,17.459999084472656,17.56999969482422,585000,17.56999969482422
2009-10-13,17.68000030517578,17.030000686645508,17.56999969482422,17.270000457763672,1038500,17.270000457763672
2009-10-14,17.56999969482422,17.280000686645508,17.350000381469727,17.510000228881836,696000,17.510000228881836
2009-10-15,17.760000228881836,17.3799991607666,17.469999313354492,17.760000228881836,553800,17.760000228881836
2009-10-16,17.889999389648438,17.510000228881836,17.700000762939453,17.860000610351562,1021500,17.860000610351562
2009-10-19,17.530000686645508,16.709999084472656,17.329999923706055,17.0,3234700,17.0
2009-10-20,17.0,16.510000228881836,16.940000534057617,16.56999969482422,1582000,16.56999969482422
2009-10-21,17.100000381469727,16.700000762939453,16.700000762939453,16.899999618530273,2002700,16.899999618530273
2009-10-22,17.139999389648438,16.809999465942383,16.860000610351562,17.049999237060547,1044800,17.049999237060547
2009-10-23,17.270000457763672,16.920000076293945,17.110000610351562,17.0,1175400,17.0
2009-10-26,17.440000534057617,16.6299991607666,17.0,16.65999984741211,1652100,16.65999984741211
2009-10-27,16.899999618530273,16.6299991607666,16.729999542236328,16.790000915527344,3067800,16.790000915527344
2009-10-28,16.799999237060547,15.609999656677246,16.799999237060547,15.680000305175781,2019900,15.680000305175781
2009-10-29,17.8799991607666,15.449999809265137,17.559999465942383,15.489999771118164,4120600,15.489999771118164
2009-10-30,15.779999732971191,15.210000038146973,15.779999732971191,15.5600004196167,1699300,15.5600004196167
2009-11-02,15.930000305175781,15.399999618530273,15.649999618530273,15.5600004196167,1047100,15.5600004196167
2009-11-03,15.949999809265137,15.470000267028809,15.489999771118164,15.930000305175781,905100,15.930000305175781
2009-11-04,16.0,15.649999618530273,15.869999885559082,15.720000267028809,870400,15.720000267028809
2009-11-05,16.31999969482422,15.960000038146973,15.979999542236328,16.299999237060547,1541700,16.299999237060547
2009-11-06,16.600000381469727,16.040000915527344,16.219999313354492,16.5,558900,16.5
2009-11-09,16.719999313354492,16.389999389648438,16.670000076293945,16.670000076293945,559000,16.670000076293945
2009-11-10,16.860000610351562,16.520000457763672,16.520000457763672,16.639999389648438,749200,16.639999389648438
2009-11-11,16.950000762939453,16.450000762939453,16.68000030517578,16.860000610351562,551400,16.860000610351562
2009-11-12,16.8799991607666,16.670000076293945,16.84000015258789,16.670000076293945,713700,16.670000076293945
2009-11-13,16.899999618530273,15.619999885559082,16.75,16.530000686645508,2301900,16.530000686645508
2009-11-16,17.010000228881836,16.450000762939453,16.489999771118164,16.860000610351562,511300,16.860000610351562
2009-11-17,17.149999618530273,16.860000610351562,16.860000610351562,17.1200008392334,595400,17.1200008392334
2009-11-18,17.420000076293945,17.1200008392334,17.200000762939453,17.34000015258789,1191800,17.34000015258789
2009-11-19,17.360000610351562,17.040000915527344,17.329999923706055,17.34000015258789,1021700,17.34000015258789
2009-11-20,17.25,16.920000076293945,17.25,16.969999313354492,721400,16.969999313354492
2009-11-23,17.270000457763672,16.90999984741211,17.190000534057617,16.969999313354492,517200,16.969999313354492
2009-11-24,17.079999923706055,16.600000381469727,17.0,16.670000076293945,1034400,16.670000076293945
2009-11-25,16.84000015258789,16.549999237060547,16.719999313354492,16.84000015258789,664400,16.84000015258789
2009-11-27,16.6299991607666,16.170000076293945,16.5,16.459999084472656,373200,16.459999084472656
2009-11-30,16.84000015258789,16.1299991607666,16.84000015258789,16.510000228881836,1239200,16.510000228881836
2009-12-01,17.100000381469727,16.479999542236328,16.649999618530273,17.0,865700,17.0
2009-12-02,17.5,16.940000534057617,16.940000534057617,17.280000686645508,827300,17.280000686645508
2009-12-03,17.56999969482422,17.25,17.329999923706055,17.31999969482422,686200,17.31999969482422
2009-12-04,17.65999984741211,16.940000534057617,17.5,17.190000534057617,804500,17.190000534057617
2009-12-07,17.15999984741211,16.690000534057617,17.040000915527344,16.829999923706055,559500,16.829999923706055
2009-12-08,16.809999465942383,16.5,16.770000457763672,16.6200008392334,400000,16.6200008392334
2009-12-09,17.290000915527344,16.6299991607666,17.290000915527344,16.989999771118164,976400,16.989999771118164
2009-12-10,17.389999389648438,16.950000762939453,16.959999084472656,17.299999237060547,1228100,17.299999237060547
2009-12-11,17.469999313354492,17.030000686645508,17.31999969482422,17.139999389648438,441500,17.139999389648438
2009-12-14,17.700000762939453,17.15999984741211,17.260000228881836,17.700000762939453,538200,17.700000762939453
2009-12-15,18.09000015258789,17.440000534057617,17.559999465942383,18.040000915527344,875500,18.040000915527344
2009-12-16,18.399999618530273,17.950000762939453,18.010000228881836,18.239999771118164,1023200,18.239999771118164
2009-12-17,18.139999389648438,17.739999771118164,17.799999237060547,17.979999542236328,1023500,17.979999542236328
2009-12-18,18.68000030517578,18.06999969482422,18.149999618530273,18.670000076293945,1373400,18.670000076293945
2009-12-21,18.850000381469727,18.43000030517578,18.610000610351562,18.780000686645508,703000,18.780000686645508
2009-12-22,19.0,18.780000686645508,18.829999923706055,18.979999542236328,499700,18.979999542236328
2009-12-23,19.030000686645508,18.860000610351562,18.940000534057617,18.8799991607666,915500,18.8799991607666
2009-12-24,19.0,18.8799991607666,18.90999984741211,18.899999618530273,166700,18.899999618530273
2009-12-28,19.0,18.75,18.90999984741211,18.8700008392334,292400,18.8700008392334
2009-12-29,19.059999465942383,18.6299991607666,19.0,18.75,457700,18.75
2009-12-30,18.829999923706055,18.56999969482422,18.709999084472656,18.75,204400,18.75
2009-12-31,18.8700008392334,18.6299991607666,18.790000915527344,18.809999465942383,434000,18.809999465942383
2010-01-04,19.100000381469727,18.790000915527344,18.940000534057617,18.950000762939453,782500,18.950000762939453
2010-01-05,19.270000457763672,18.850000381469727,19.06999969482422,19.149999618530273,882900,19.149999618530273
2010-01-06,19.34000015258789,18.959999084472656,18.979999542236328,19.18000030517578,1884900,19.18000030517578
2010-01-07,20.540000915527344,19.299999237060547,19.309999465942383,20.260000228881836,3920900,20.260000228881836
2010-01-08,20.459999084472656,19.520000457763672,20.1299991607666,20.25,2012100,20.25
2010-01-11,20.59000015258789,20.040000915527344,20.25,20.110000610351562,1257500,20.110000610351562
2010-01-12,20.110000610351562,19.68000030517578,19.84000015258789,19.719999313354492,3483500,19.719999313354492
2010-01-13,20.309999465942383,19.68000030517578,19.84000015258789,20.290000915527344,1508800,20.290000915527344
2010-01-14,20.549999237060547,20.209999084472656,20.25,20.420000076293945,685000,20.420000076293945
2010-01-15,20.899999618530273,20.450000762939453,20.450000762939453,20.809999465942383,1968500,20.809999465942383
2010-01-19,21.5,20.739999771118164,20.889999389648438,20.989999771118164,2080500,20.989999771118164
2010-01-20,21.170000076293945,20.489999771118164,20.959999084472656,21.079999923706055,1713300,21.079999923706055
2010-01-21,21.190000534057617,20.5,21.170000076293945,20.579999923706055,636000,20.579999923706055
2010-01-22,20.649999618530273,19.940000534057617,20.610000610351562,19.940000534057617,1352200,19.940000534057617
2010-01-25,20.110000610351562,19.700000762939453,19.940000534057617,19.829999923706055,1407500,19.829999923706055
2010-01-26,20.209999084472656,19.579999923706055,19.75,20.170000076293945,1371000,20.170000076293945
2010-01-27,20.5,20.059999465942383,20.09000015258789,20.280000686645508,1236400,20.280000686645508
2010-01-28,20.299999237060547,19.299999237060547,20.299999237060547,19.489999771118164,2000800,19.489999771118164
2010-01-29,19.989999771118164,19.420000076293945,19.549999237060547,19.43000030517578,761600,19.43000030517578
2010-02-01,20.290000915527344,19.489999771118164,19.6299991607666,20.239999771118164,2049500,20.239999771118164
2010-02-02,20.729999542236328,20.190000534057617,20.40999984741211,20.709999084472656,2223600,20.709999084472656
2010-02-03,21.270000457763672,20.59000015258789,20.59000015258789,21.139999389648438,2070500,21.139999389648438
2010-02-04,21.139999389648438,20.329999923706055,20.979999542236328,20.34000015258789,2489100,20.34000015258789
2010-02-05,20.579999923706055,18.950000762939453,20.239999771118164,19.489999771118164,4020000,19.489999771118164
2010-02-08,19.209999084472656,18.350000381469727,18.90999984741211,19.170000076293945,2621700,19.170000076293945
2010-02-09,20.239999771118164,18.969999313354492,19.739999771118164,19.170000076293945,2043500,19.170000076293945
2010-02-10,19.59000015258789,18.889999389648438,19.110000610351562,19.280000686645508,894800,19.280000686645508
2010-02-11,19.75,19.06999969482422,19.209999084472656,19.700000762939453,2478100,19.700000762939453
2010-02-12,19.780000686645508,19.5,19.56999969482422,19.739999771118164,1445300,19.739999771118164
2010-02-16,20.079999923706055,19.459999084472656,19.850000381469727,20.079999923706055,1987800,20.079999923706055
2010-02-17,20.850000381469727,20.010000228881836,20.010000228881836,20.709999084472656,1639100,20.709999084472656
2010-02-18,20.889999389648438,20.489999771118164,20.739999771118164,20.56999969482422,674600,20.56999969482422
2010-02-19,20.81999969482422,20.309999465942383,20.459999084472656,20.450000762939453,663400,20.450000762939453
2010-02-22,20.729999542236328,20.239999771118164,20.450000762939453,20.729999542236328,915000,20.729999542236328
2010-02-23,20.729999542236328,20.149999618530273,20.5,20.219999313354492,617000,20.219999313354492
2010-02-24,20.549999237060547,19.93000030517578,20.549999237060547,20.049999237060547,1006100,20.049999237060547
2010-02-25,20.15999984741211,19.479999542236328,19.920000076293945,20.110000610351562,871100,20.110000610351562
2010-02-26,20.09000015258789,19.760000228881836,20.049999237060547,20.0,507900,20.0
2010-03-01,20.709999084472656,20.0,20.100000381469727,20.670000076293945,741700,20.670000076293945
2010-03-02,21.3799991607666,20.479999542236328,20.649999618530273,21.219999313354492,1727600,21.219999313354492
2010-03-03,21.56999969482422,21.110000610351562,21.290000915527344,21.450000762939453,864300,21.450000762939453
2010-03-04,21.700000762939453,21.34000015258789,21.5,21.670000076293945,959900,21.670000076293945
2010-03-05,22.079999923706055,21.520000457763672,21.549999237060547,22.040000915527344,940100,22.040000915527344
2010-03-08,22.3700008392334,22.0,22.09000015258789,22.360000610351562,1295600,22.360000610351562
2010-03-09,22.450000762939453,22.049999237060547,22.31999969482422,22.1200008392334,984200,22.1200008392334
2010-03-10,23.0,22.15999984741211,22.239999771118164,23.0,2063000,23.0
2010-03-11,23.8700008392334,22.90999984741211,22.989999771118164,23.809999465942383,2166000,23.809999465942383
2010-03-12,23.829999923706055,22.93000030517578,23.81999969482422,23.020000457763672,792500,23.020000457763672
2010-03-15,22.959999084472656,22.559999465942383,22.8700008392334,22.6299991607666,1087500,22.6299991607666
2010-03-16,23.0,22.68000030517578,22.809999465942383,22.920000076293945,516500,22.920000076293945
2010-03-17,23.0,22.6299991607666,23.0,22.68000030517578,591300,22.68000030517578
2010-03-18,22.790000915527344,22.420000076293945,22.639999389648438,22.670000076293945,460200,22.670000076293945
2010-03-19,22.850000381469727,22.520000457763672,22.540000915527344,22.600000381469727,976100,22.600000381469727
2010-03-22,22.969999313354492,22.31999969482422,22.559999465942383,22.780000686645508,485800,22.780000686645508
2010-03-23,22.959999084472656,22.639999389648438,22.729999542236328,22.950000762939453,514400,22.950000762939453
2010-03-24,23.200000762939453,22.709999084472656,22.84000015258789,23.0,926500,23.0
2010-03-25,24.989999771118164,23.299999237060547,23.299999237060547,23.65999984741211,6924100,23.65999984741211
2010-03-26,23.739999771118164,23.0,23.610000610351562,23.09000015258789,1012000,23.09000015258789
2010-03-29,23.399999618530273,23.09000015258789,23.110000610351562,23.280000686645508,830800,23.280000686645508
2010-03-30,23.459999084472656,22.979999542236328,23.299999237060547,23.06999969482422,1457100,23.06999969482422
2010-03-31,23.690000534057617,23.1200008392334,23.200000762939453,23.3700008392334,971100,23.3700008392334
2010-04-01,24.520000457763672,23.530000686645508,23.549999237060547,24.489999771118164,1837000,24.489999771118164
2010-04-05,24.799999237060547,24.479999542236328,24.510000228881836,24.709999084472656,763700,24.709999084472656
2010-04-06,24.81999969482422,24.520000457763672,24.56999969482422,24.690000534057617,421600,24.690000534057617
2010-04-07,24.899999618530273,24.440000534057617,24.709999084472656,24.559999465942383,677900,24.559999465942383
2010-04-08,24.489999771118164,23.799999237060547,24.440000534057617,24.190000534057617,879600,24.190000534057617
2010-04-09,24.200000762939453,23.860000610351562,24.15999984741211,24.0,413900,24.0
2010-04-12,24.06999969482422,23.6299991607666,24.06999969482422,23.799999237060547,580900,23.799999237060547
2010-04-13,24.049999237060547,23.3700008392334,23.899999618530273,23.420000076293945,846300,23.420000076293945
2010-04-14,23.889999389648438,23.459999084472656,23.510000228881836,23.889999389648438,611100,23.889999389648438
2010-04-15,24.049999237060547,23.65999984741211,23.75,23.940000534057617,469600,23.940000534057617
2010-04-16,23.920000076293945,23.110000610351562,23.84000015258789,23.280000686645508,952900,23.280000686645508
2010-04-19,23.540000915527344,23.049999237060547,23.149999618530273,23.260000228881836,620700,23.260000228881836
2010-04-20,23.760000228881836,23.25,23.290000915527344,23.700000762939453,450800,23.700000762939453
2010-04-21,23.670000076293945,22.8799991607666,23.530000686645508,22.8799991607666,730200,22.8799991607666
2010-04-22,23.469999313354492,22.530000686645508,22.739999771118164,23.239999771118164,1043800,23.239999771118164
2010-04-23,23.709999084472656,23.1200008392334,23.3700008392334,23.459999084472656,775400,23.459999084472656
2010-04-26,23.75,23.170000076293945,23.459999084472656,23.280000686645508,683800,23.280000686645508
2010-04-27,23.790000915527344,23.020000457763672,23.18000030517578,23.290000915527344,734300,23.290000915527344
2010-04-28,23.600000381469727,22.75,23.450000762939453,22.799999237060547,788700,22.799999237060547
2010-04-29,23.440000534057617,22.670000076293945,22.670000076293945,23.360000610351562,819500,23.360000610351562
2010-04-30,23.559999465942383,22.049999237060547,23.299999237060547,23.3700008392334,2339500,23.3700008392334
2010-05-03,23.459999084472656,22.5,23.329999923706055,22.760000228881836,1123500,22.760000228881836
2010-05-04,22.56999969482422,21.40999984741211,22.56999969482422,21.5,1302900,21.5
2010-05-05,21.489999771118164,20.690000534057617,21.059999465942383,21.010000228881836,1692200,21.010000228881836
2010-05-06,21.25,19.389999389648438,20.899999618530273,20.649999618530273,1563000,20.649999618530273
2010-05-07,20.940000534057617,19.56999969482422,20.56999969482422,19.799999237060547,1307800,19.799999237060547
2010-05-10,21.139999389648438,20.5,20.75,20.780000686645508,972000,20.780000686645508
2010-05-11,21.389999389648438,20.510000228881836,20.520000457763672,21.09000015258789,916300,21.09000015258789
2010-05-12,21.670000076293945,21.049999237060547,21.110000610351562,21.510000228881836,688500,21.510000228881836
2010-05-13,21.920000076293945,21.190000534057617,21.540000915527344,21.329999923706055,701000,21.329999923706055
2010-05-14,21.209999084472656,20.329999923706055,21.149999618530273,20.709999084472656,783300,20.709999084472656
2010-05-17,21.0,20.020000457763672,20.850000381469727,20.56999969482422,768700,20.56999969482422
2010-05-18,20.90999984741211,20.030000686645508,20.68000030517578,20.1299991607666,676500,20.1299991607666
2010-05-19,20.149999618530273,19.450000762939453,20.010000228881836,19.809999465942383,774200,19.809999465942383
2010-05-20,19.459999084472656,18.729999542236328,19.270000457763672,19.06999969482422,1161400,19.06999969482422
2010-05-21,19.219999313354492,18.420000076293945,18.729999542236328,18.65999984741211,1462500,18.65999984741211
2010-05-24,18.93000030517578,18.489999771118164,18.709999084472656,18.549999237060547,739600,18.549999237060547
2010-05-25,18.399999618530273,17.700000762939453,18.049999237060547,18.329999923706055,1891000,18.329999923706055
2010-05-26,19.5,18.31999969482422,18.3700008392334,19.290000915527344,2328800,19.290000915527344
2010-05-27,19.729999542236328,19.360000610351562,19.520000457763672,19.649999618530273,1043100,19.649999618530273
2010-05-28,19.850000381469727,19.350000381469727,19.600000381469727,19.520000457763672,726500,19.520000457763672
2010-06-01,19.6299991607666,19.020000457763672,19.31999969482422,19.18000030517578,1237800,19.18000030517578
2010-06-02,20.010000228881836,19.170000076293945,19.170000076293945,20.010000228881836,1084500,20.010000228881836
2010-06-03,20.18000030517578,19.799999237060547,19.90999984741211,20.100000381469727,387200,20.100000381469727
2010-06-04,20.0,19.239999771118164,19.770000457763672,19.270000457763672,753500,19.270000457763672
2010-06-07,19.450000762939453,18.899999618530273,19.270000457763672,18.959999084472656,1007300,18.959999084472656
2010-06-08,19.1200008392334,18.549999237060547,19.06999969482422,18.770000457763672,1481800,18.770000457763672
2010-06-09,19.399999618530273,18.760000228881836,18.760000228881836,18.850000381469727,443900,18.850000381469727
2010-06-10,19.540000915527344,18.989999771118164,19.110000610351562,19.530000686645508,787300,19.530000686645508
2010-06-11,19.739999771118164,19.34000015258789,19.3700008392334,19.399999618530273,581600,19.399999618530273
2010-06-14,19.989999771118164,19.40999984741211,19.5,19.889999389648438,601900,19.889999389648438
2010-06-15,20.639999389648438,19.899999618530273,20.0,20.600000381469727,828900,20.600000381469727
2010-06-16,20.59000015258789,20.06999969482422,20.540000915527344,20.25,536500,20.25
2010-06-17,20.479999542236328,20.09000015258789,20.40999984741211,20.239999771118164,315000,20.239999771118164
2010-06-18,20.260000228881836,19.969999313354492,20.200000762939453,20.149999618530273,675100,20.149999618530273
2010-06-21,20.6200008392334,20.100000381469727,20.459999084472656,20.18000030517578,543400,20.18000030517578
2010-06-22,20.520000457763672,19.920000076293945,20.079999923706055,20.0,594900,20.0
2010-06-23,20.059999465942383,19.559999465942383,20.049999237060547,19.739999771118164,412900,19.739999771118164
2010-06-24,19.700000762939453,19.329999923706055,19.579999923706055,19.350000381469727,663100,19.350000381469727
2010-06-25,19.770000457763672,19.1299991607666,19.43000030517578,19.670000076293945,1000600,19.670000076293945
2010-06-28,19.84000015258789,19.389999389648438,19.65999984741211,19.65999984741211,503200,19.65999984741211
2010-06-29,19.59000015258789,18.739999771118164,19.450000762939453,18.809999465942383,899100,18.809999465942383
2010-06-30,19.139999389648438,18.65999984741211,18.739999771118164,18.959999084472656,694500,18.959999084472656
2010-07-01,18.8799991607666,18.270000457763672,18.8799991607666,18.299999237060547,1135700,18.299999237060547
2010-07-02,18.670000076293945,18.200000762939453,18.350000381469727,18.3700008392334,438000,18.3700008392334
2010-07-06,18.770000457763672,18.110000610351562,18.579999923706055,18.239999771118164,448900,18.239999771118164
2010-07-07,18.6200008392334,18.040000915527344,18.239999771118164,18.610000610351562,473100,18.610000610351562
2010-07-08,19.059999465942383,18.309999465942383,18.68000030517578,19.059999465942383,947200,19.059999465942383
2010-07-09,19.139999389648438,18.940000534057617,18.989999771118164,19.049999237060547,256800,19.049999237060547
2010-07-12,19.309999465942383,18.739999771118164,19.010000228881836,18.850000381469727,182900,18.850000381469727
2010-07-13,19.329999923706055,18.90999984741211,19.0,19.309999465942383,615300,19.309999465942383
2010-07-14,19.3799991607666,19.100000381469727,19.3799991607666,19.25,429800,19.25
2010-07-15,19.700000762939453,19.100000381469727,19.18000030517578,19.68000030517578,738300,19.68000030517578
2010-07-16,19.860000610351562,19.0,19.709999084472656,19.18000030517578,1145700,19.18000030517578
2010-07-19,19.290000915527344,18.8700008392334,19.25,19.149999618530273,247600,19.149999618530273
2010-07-20,19.600000381469727,18.520000457763672,18.959999084472656,19.510000228881836,611400,19.510000228881836
2010-07-21,19.8799991607666,19.280000686645508,19.670000076293945,19.360000610351562,530300,19.360000610351562
2010-07-22,19.8799991607666,19.229999542236328,19.559999465942383,19.3799991607666,345600,19.3799991607666
2010-07-23,20.100000381469727,19.049999237060547,19.299999237060547,20.0,778200,20.0
2010-07-26,21.1299991607666,20.010000228881836,20.09000015258789,21.0,3163600,21.0
2010-07-27,21.469999313354492,20.90999984741211,20.979999542236328,21.3799991607666,1364800,21.3799991607666
2010-07-28,21.469999313354492,20.790000915527344,21.260000228881836,20.850000381469727,624800,20.850000381469727
2010-07-29,21.260000228881836,20.579999923706055,21.020000457763672,21.260000228881836,1330500,21.260000228881836
2010-07-30,22.059999465942383,21.0,21.100000381469727,21.850000381469727,1665200,21.850000381469727
2010-08-02,22.200000762939453,21.84000015258789,22.09000015258789,21.979999542236328,1147300,21.979999542236328
2010-08-03,21.829999923706055,20.75,21.0,21.489999771118164,1284700,21.489999771118164
2010-08-04,21.729999542236328,21.200000762939453,21.40999984741211,21.43000030517578,1049400,21.43000030517578
2010-08-05,21.450000762939453,21.09000015258789,21.18000030517578,21.360000610351562,580200,21.360000610351562
2010-08-06,21.549999237060547,21.06999969482422,21.149999618530273,21.540000915527344,659800,21.540000915527344
2010-08-09,21.84000015258789,21.389999389648438,21.670000076293945,21.610000610351562,458200,21.610000610351562
2010-08-10,21.399999618530273,20.829999923706055,21.290000915527344,20.979999542236328,615800,20.979999542236328
2010-08-11,20.75,20.399999618530273,20.709999084472656,20.5,555400,20.5
2010-08-12,20.959999084472656,20.1299991607666,20.1299991607666,20.790000915527344,638100,20.790000915527344
2010-08-13,20.84000015258789,20.34000015258789,20.760000228881836,20.350000381469727,421500,20.350000381469727
2010-08-16,20.450000762939453,20.059999465942383,20.280000686645508,20.350000381469727,499900,20.350000381469727
2010-08-17,20.75,20.329999923706055,20.450000762939453,20.520000457763672,353800,20.520000457763672
2010-08-18,20.690000534057617,20.40999984741211,20.43000030517578,20.549999237060547,482700,20.549999237060547
2010-08-19,20.68000030517578,20.360000610351562,20.450000762939453,20.6200008392334,626800,20.6200008392334
2010-08-20,20.68000030517578,20.5,20.649999618530273,20.6200008392334,802700,20.6200008392334
2010-08-23,21.0,20.280000686645508,20.780000686645508,20.299999237060547,406200,20.299999237060547
2010-08-24,20.200000762939453,19.950000762939453,20.149999618530273,20.0,661000,20.0
2010-08-25,20.450000762939453,19.889999389648438,19.959999084472656,20.389999389648438,419800,20.389999389648438
2010-08-26,20.610000610351562,20.149999618530273,20.520000457763672,20.219999313354492,846300,20.219999313354492
2010-08-27,20.790000915527344,20.059999465942383,20.469999313354492,20.770000457763672,458300,20.770000457763672
2010-08-30,20.989999771118164,20.450000762939453,20.829999923706055,20.489999771118164,417900,20.489999771118164
2010-08-31,20.600000381469727,20.1299991607666,20.350000381469727,20.290000915527344,1018900,20.290000915527344
2010-09-01,21.059999465942383,20.6299991607666,21.0,20.93000030517578,890200,20.93000030517578
2010-09-02,21.31999969482422,20.809999465942383,20.889999389648438,21.290000915527344,739600,21.290000915527344
2010-09-03,21.75,21.40999984741211,21.40999984741211,21.5,411800,21.5
2010-09-07,21.649999618530273,21.360000610351562,21.479999542236328,21.579999923706055,471100,21.579999923706055
2010-09-08,22.479999542236328,21.540000915527344,21.700000762939453,22.479999542236328,793900,22.479999542236328
2010-09-09,22.790000915527344,22.3799991607666,22.75,22.6200008392334,597700,22.6200008392334
2010-09-10,22.8799991607666,22.3799991607666,22.700000762939453,22.700000762939453,988100,22.700000762939453
2010-09-13,22.950000762939453,22.639999389648438,22.790000915527344,22.700000762939453,463700,22.700000762939453
2010-09-14,22.729999542236328,22.209999084472656,22.559999465942383,22.309999465942383,1239300,22.309999465942383
2010-09-15,22.59000015258789,21.959999084472656,22.260000228881836,22.579999923706055,793300,22.579999923706055
2010-09-16,23.100000381469727,22.3700008392334,22.479999542236328,22.690000534057617,1761600,22.690000534057617
2010-09-17,23.110000610351562,22.65999984741211,22.780000686645508,22.989999771118164,496900,22.989999771118164
2010-09-20,23.25,22.84000015258789,22.899999618530273,23.049999237060547,371600,23.049999237060547
2010-09-21,23.260000228881836,22.8799991607666,22.989999771118164,23.09000015258789,666500,23.09000015258789
2010-09-22,23.280000686645508,22.610000610351562,23.1200008392334,22.700000762939453,847000,22.700000762939453
2010-09-23,22.790000915527344,22.299999237060547,22.540000915527344,22.350000381469727,799800,22.350000381469727
2010-09-24,22.690000534057617,22.309999465942383,22.690000534057617,22.399999618530273,986200,22.399999618530273
2010-09-27,22.479999542236328,22.200000762939453,22.3700008392334,22.309999465942383,975000,22.309999465942383
2010-09-28,22.530000686645508,21.889999389648438,22.239999771118164,22.280000686645508,1629300,22.280000686645508
2010-09-29,22.600000381469727,22.06999969482422,22.139999389648438,22.360000610351562,490800,22.360000610351562
2010-09-30,22.549999237060547,22.040000915527344,22.350000381469727,22.350000381469727,646400,22.350000381469727
2010-10-01,22.530000686645508,22.100000381469727,22.440000534057617,22.399999618530273,540400,22.399999618530273
2010-10-04,22.440000534057617,22.09000015258789,22.389999389648438,22.190000534057617,944700,22.190000534057617
2010-10-05,22.520000457763672,22.309999465942383,22.309999465942383,22.399999618530273,791200,22.399999618530273
2010-10-06,22.399999618530273,21.780000686645508,22.270000457763672,21.829999923706055,985600,21.829999923706055
2010-10-07,22.010000228881836,21.610000610351562,21.8799991607666,21.860000610351562,535700,21.860000610351562
2010-10-08,22.149999618530273,21.860000610351562,21.920000076293945,21.8700008392334,807100,21.8700008392334
2010-10-11,22.010000228881836,21.770000457763672,21.8700008392334,21.81999969482422,527800,21.81999969482422
2010-10-12,22.100000381469727,21.719999313354492,22.040000915527344,21.920000076293945,1744300,21.920000076293945
2010-10-13,22.190000534057617,21.93000030517578,22.1200008392334,21.969999313354492,1541500,21.969999313354492
2010-10-14,22.030000686645508,21.700000762939453,21.969999313354492,21.850000381469727,495400,21.850000381469727
2010-10-15,22.15999984741211,21.760000228881836,22.030000686645508,21.969999313354492,564900,21.969999313354492
2010-10-18,22.15999984741211,21.809999465942383,21.8799991607666,22.1200008392334,627300,22.1200008392334
2010-10-19,22.229999542236328,21.700000762939453,21.719999313354492,22.149999618530273,3056200,22.149999618530273
2010-10-20,23.200000762939453,22.030000686645508,22.09000015258789,23.030000686645508,2967800,23.030000686645508
2010-10-21,23.649999618530273,22.989999771118164,23.149999618530273,23.260000228881836,1371300,23.260000228881836
2010-10-22,23.84000015258789,23.200000762939453,23.200000762939453,23.770000457763672,885900,23.770000457763672
2010-10-25,24.479999542236328,23.81999969482422,23.8799991607666,24.299999237060547,1287100,24.299999237060547
2010-10-26,24.579999923706055,24.0,24.15999984741211,24.299999237060547,943500,24.299999237060547
2010-10-27,24.549999237060547,24.079999923706055,24.09000015258789,24.290000915527344,895600,24.290000915527344
2010-10-28,24.729999542236328,24.209999084472656,24.290000915527344,24.6200008392334,807000,24.6200008392334
2010-10-29,26.170000076293945,24.68000030517578,24.81999969482422,26.110000610351562,1907900,26.110000610351562
2010-11-01,25.899999618530273,25.450000762939453,25.760000228881836,25.600000381469727,2501800,25.600000381469727
2010-11-02,25.799999237060547,25.489999771118164,25.719999313354492,25.639999389648438,984100,25.639999389648438
2010-11-03,25.780000686645508,25.030000686645508,25.549999237060547,25.440000534057617,950300,25.440000534057617
2010-11-04,25.979999542236328,25.700000762939453,25.809999465942383,25.899999618530273,972500,25.899999618530273
2010-11-05,25.8700008392334,25.579999923706055,25.850000381469727,25.709999084472656,581500,25.709999084472656
2010-11-08,25.899999618530273,25.530000686645508,25.559999465942383,25.739999771118164,480000,25.739999771118164
2010-11-09,25.799999237060547,25.079999923706055,25.739999771118164,25.139999389648438,904900,25.139999389648438
2010-11-10,25.31999969482422,24.59000015258789,25.010000228881836,25.31999969482422,1888800,25.31999969482422
2010-11-11,25.479999542236328,24.950000762939453,25.020000457763672,25.329999923706055,936200,25.329999923706055
2010-11-12,25.420000076293945,24.889999389648438,25.25,25.09000015258789,474400,25.09000015258789
2010-11-15,25.760000228881836,25.170000076293945,25.209999084472656,25.549999237060547,753000,25.549999237060547
2010-11-16,25.489999771118164,24.829999923706055,25.309999465942383,25.06999969482422,1108500,25.06999969482422
2010-11-17,25.809999465942383,24.950000762939453,24.950000762939453,25.6299991607666,1175000,25.6299991607666
2010-11-18,26.079999923706055,25.65999984741211,25.799999237060547,25.790000915527344,774500,25.790000915527344
2010-11-19,26.579999923706055,25.649999618530273,25.68000030517578,26.420000076293945,974300,26.420000076293945
2010-11-22,26.989999771118164,26.25,26.25,26.950000762939453,917200,26.950000762939453
2010-11-23,27.450000762939453,26.56999969482422,26.829999923706055,26.719999313354492,1400700,26.719999313354492
2010-11-24,27.540000915527344,26.829999923706055,26.829999923706055,27.520000457763672,766600,27.520000457763672
2010-11-26,27.549999237060547,27.209999084472656,27.260000228881836,27.520000457763672,145700,27.520000457763672
2010-11-29,27.540000915527344,26.93000030517578,27.270000457763672,27.489999771118164,645300,27.489999771118164
2010-11-30,27.309999465942383,26.829999923706055,27.309999465942383,27.079999923706055,1500100,27.079999923706055
2010-12-01,27.350000381469727,26.969999313354492,27.280000686645508,27.149999618530273,1162600,27.149999618530273
2010-12-02,27.18000030517578,26.420000076293945,26.420000076293945,27.110000610351562,791600,27.110000610351562
2010-12-03,27.43000030517578,26.84000015258789,27.0,27.399999618530273,504700,27.399999618530273
2010-12-06,27.43000030517578,27.15999984741211,27.299999237060547,27.309999465942383,837300,27.309999465942383
2010-12-07,27.690000534057617,27.170000076293945,27.399999618530273,27.260000228881836,844900,27.260000228881836
2010-12-08,27.34000015258789,26.940000534057617,27.15999984741211,26.959999084472656,701700,26.959999084472656
2010-12-09,27.260000228881836,26.860000610351562,27.079999923706055,27.09000015258789,413000,27.09000015258789
2010-12-10,27.469999313354492,26.959999084472656,27.040000915527344,27.260000228881836,310400,27.260000228881836
2010-12-13,27.760000228881836,26.93000030517578,27.399999618530273,27.18000030517578,1254900,27.18000030517578
2010-12-14,27.350000381469727,27.06999969482422,27.25,27.100000381469727,478600,27.100000381469727
2010-12-15,27.270000457763672,26.65999984741211,26.940000534057617,26.690000534057617,975400,26.690000534057617
2010-12-16,27.110000610351562,26.469999313354492,26.81999969482422,26.600000381469727,1018500,26.600000381469727
2010-12-17,27.549999237060547,26.399999618530273,26.700000762939453,27.260000228881836,1044800,27.260000228881836
2010-12-20,28.040000915527344,27.260000228881836,27.350000381469727,27.889999389648438,1018400,27.889999389648438
2010-12-21,28.280000686645508,27.860000610351562,27.950000762939453,28.219999313354492,827900,28.219999313354492
2010-12-22,28.350000381469727,28.079999923706055,28.149999618530273,28.25,462600,28.25
2010-12-23,28.270000457763672,27.809999465942383,28.100000381469727,27.979999542236328,594700,27.979999542236328
2010-12-27,27.8700008392334,27.489999771118164,27.8700008392334,27.65999984741211,443900,27.65999984741211
2010-12-28,27.649999618530273,27.420000076293945,27.649999618530273,27.459999084472656,441900,27.459999084472656
2010-12-29,27.5,27.260000228881836,27.5,27.260000228881836,158700,27.260000228881836
2010-12-30,27.3700008392334,27.1200008392334,27.25,27.170000076293945,467700,27.170000076293945
2010-12-31,27.31999969482422,26.84000015258789,27.270000457763672,26.93000030517578,276900,26.93000030517578
2011-01-03,27.25,26.549999237060547,27.010000228881836,26.610000610351562,934200,26.610000610351562
2011-01-04,27.020000457763672,26.399999618530273,26.6299991607666,26.450000762939453,1343500,26.450000762939453
2011-01-05,26.979999542236328,26.299999237060547,26.309999465942383,26.770000457763672,658400,26.770000457763672
2011-01-06,27.0,26.540000915527344,26.799999237060547,26.940000534057617,555000,26.940000534057617
2011-01-07,27.040000915527344,26.81999969482422,26.90999984741211,26.93000030517578,706800,26.93000030517578
2011-01-10,27.239999771118164,26.770000457763672,26.850000381469727,27.0,568200,27.0
2011-01-11,27.229999542236328,26.700000762939453,27.049999237060547,26.760000228881836,697300,26.760000228881836
2011-01-12,26.899999618530273,26.229999542236328,26.8700008392334,26.530000686645508,452500,26.530000686645508
2011-01-13,26.59000015258789,26.239999771118164,26.389999389648438,26.59000015258789,435200,26.59000015258789
2011-01-14,26.649999618530273,26.389999389648438,26.469999313354492,26.59000015258789,350800,26.59000015258789
2011-01-18,26.809999465942383,26.440000534057617,26.579999923706055,26.780000686645508,398000,26.780000686645508
2011-01-19,26.920000076293945,26.479999542236328,26.790000915527344,26.6200008392334,975400,26.6200008392334
2011-01-20,26.68000030517578,25.920000076293945,26.479999542236328,25.940000534057617,875800,25.940000534057617
2011-01-21,26.209999084472656,25.5,26.06999969482422,25.549999237060547,642600,25.549999237060547
2011-01-24,25.8700008392334,25.510000228881836,25.530000686645508,25.6200008392334,304200,25.6200008392334
2011-01-25,25.649999618530273,25.389999389648438,25.549999237060547,25.649999618530273,390800,25.649999618530273
2011-01-26,25.920000076293945,25.530000686645508,25.6200008392334,25.860000610351562,540800,25.860000610351562
2011-01-27,25.899999618530273,25.329999923706055,25.860000610351562,25.65999984741211,538700,25.65999984741211
2011-01-28,25.729999542236328,25.3700008392334,25.690000534057617,25.450000762939453,979500,25.450000762939453
2011-01-31,25.6299991607666,25.1200008392334,25.450000762939453,25.420000076293945,915500,25.420000076293945
2011-02-01,26.09000015258789,25.3799991607666,25.600000381469727,25.899999618530273,1166700,25.899999618530273
2011-02-02,26.139999389648438,25.739999771118164,25.770000457763672,25.950000762939453,1145600,25.950000762939453
2011-02-03,26.1200008392334,25.790000915527344,25.979999542236328,26.0,499200,26.0
2011-02-04,26.360000610351562,25.8799991607666,26.010000228881836,25.969999313354492,418000,25.969999313354492
2011-02-07,26.270000457763672,25.889999389648438,26.1200008392334,25.950000762939453,984300,25.950000762939453
2011-02-08,26.239999771118164,25.75,25.969999313354492,25.950000762939453,343400,25.950000762939453
2011-02-09,26.239999771118164,25.729999542236328,25.860000610351562,26.079999923706055,1083200,26.079999923706055
2011-02-10,26.309999465942383,25.799999237060547,25.920000076293945,26.239999771118164,446700,26.239999771118164
2011-02-11,26.639999389648438,25.81999969482422,26.049999237060547,26.579999923706055,676100,26.579999923706055
2011-02-14,26.700000762939453,26.450000762939453,26.450000762939453,26.579999923706055,557600,26.579999923706055
2011-02-15,26.979999542236328,26.459999084472656,26.510000228881836,26.940000534057617,620000,26.940000534057617
2011-02-16,27.649999618530273,27.030000686645508,27.030000686645508,27.549999237060547,1444600,27.549999237060547
2011-02-17,28.420000076293945,26.760000228881836,27.489999771118164,28.290000915527344,1152800,28.290000915527344
2011-02-18,27.649999618530273,26.510000228881836,26.739999771118164,27.229999542236328,2849100,27.229999542236328
2011-02-22,27.040000915527344,25.889999389648438,27.040000915527344,25.989999771118164,1078100,25.989999771118164
2011-02-23,26.0,24.3700008392334,25.959999084472656,24.510000228881836,1441400,24.510000228881836
2011-02-24,25.219999313354492,24.260000228881836,24.5,24.549999237060547,1116500,24.549999237060547
2011-02-25,25.200000762939453,24.280000686645508,24.709999084472656,24.579999923706055,1598200,24.579999923706055
2011-02-28,24.770000457763672,24.450000762939453,24.719999313354492,24.459999084472656,713000,24.459999084472656
2011-03-01,24.579999923706055,24.0,24.520000457763672,24.34000015258789,1102800,24.34000015258789
2011-03-02,24.420000076293945,23.75,24.299999237060547,24.110000610351562,1682600,24.110000610351562
2011-03-03,24.6200008392334,24.170000076293945,24.209999084472656,24.3700008392334,692900,24.3700008392334
2011-03-04,24.489999771118164,23.989999771118164,24.350000381469727,24.290000915527344,854200,24.290000915527344
2011-03-07,24.440000534057617,23.65999984741211,24.440000534057617,23.950000762939453,748600,23.950000762939453
2011-03-08,24.559999465942383,23.84000015258789,23.950000762939453,24.489999771118164,614100,24.489999771118164
2011-03-09,24.68000030517578,24.389999389648438,24.540000915527344,24.56999969482422,717700,24.56999969482422
2011-03-10,24.65999984741211,23.850000381469727,24.399999618530273,24.559999465942383,1050400,24.559999465942383
2011-03-11,25.0,24.440000534057617,24.559999465942383,24.649999618530273,776000,24.649999618530273
2011-03-14,24.530000686645508,24.1299991607666,24.389999389648438,24.25,366600,24.25
2011-03-15,24.229999542236328,23.459999084472656,23.6299991607666,23.959999084472656,436300,23.959999084472656
2011-03-16,24.170000076293945,23.739999771118164,23.889999389648438,23.75,509100,23.75
2011-03-17,24.1299991607666,23.739999771118164,24.030000686645508,23.84000015258789,371300,23.84000015258789
2011-03-18,24.329999923706055,23.739999771118164,24.06999969482422,23.899999618530273,670500,23.899999618530273
2011-03-21,24.229999542236328,23.200000762939453,24.040000915527344,23.75,804300,23.75
2011-03-22,23.719999313354492,23.09000015258789,23.649999618530273,23.459999084472656,704100,23.459999084472656
2011-03-23,23.65999984741211,23.110000610351562,23.34000015258789,23.56999969482422,385100,23.56999969482422
2011-03-24,23.899999618530273,23.489999771118164,23.639999389648438,23.75,313600,23.75
2011-03-25,24.1200008392334,23.520000457763672,23.770000457763672,24.040000915527344,824300,24.040000915527344
2011-03-28,24.1299991607666,23.649999618530273,24.020000457763672,24.030000686645508,451100,24.030000686645508
2011-03-29,24.469999313354492,23.93000030517578,23.93000030517578,24.469999313354492,787000,24.469999313354492
2011-03-30,25.049999237060547,24.239999771118164,24.43000030517578,25.0,1322900,25.0
2011-03-31,25.34000015258789,24.8700008392334,24.90999984741211,25.1299991607666,572300,25.1299991607666
2011-04-01,25.639999389648438,25.139999389648438,25.229999542236328,25.450000762939453,625200,25.450000762939453
2011-04-04,25.790000915527344,25.209999084472656,25.420000076293945,25.56999969482422,530800,25.56999969482422
2011-04-05,25.760000228881836,25.190000534057617,25.469999313354492,25.280000686645508,726400,25.280000686645508
2011-04-06,25.549999237060547,25.1200008392334,25.399999618530273,25.360000610351562,319600,25.360000610351562
2011-04-07,25.760000228881836,25.219999313354492,25.360000610351562,25.3799991607666,629500,25.3799991607666
2011-04-08,25.520000457763672,24.760000228881836,25.420000076293945,24.93000030517578,740300,24.93000030517578
2011-04-11,25.329999923706055,24.93000030517578,24.93000030517578,25.18000030517578,1063700,25.18000030517578
2011-04-12,25.100000381469727,24.850000381469727,24.969999313354492,25.010000228881836,731900,25.010000228881836
2011-04-13,26.829999923706055,25.010000228881836,25.149999618530273,26.469999313354492,1749700,26.469999313354492
2011-04-14,26.790000915527344,26.229999542236328,26.420000076293945,26.3700008392334,1102900,26.3700008392334
2011-04-15,26.899999618530273,26.219999313354492,26.450000762939453,26.760000228881836,708700,26.760000228881836
2011-04-18,26.989999771118164,26.229999542236328,26.489999771118164,26.979999542236328,884800,26.979999542236328
2011-04-19,26.989999771118164,26.309999465942383,26.8799991607666,26.450000762939453,417600,26.450000762939453
2011-04-20,27.010000228881836,26.479999542236328,26.770000457763672,26.920000076293945,743400,26.920000076293945
2011-04-21,26.989999771118164,26.530000686645508,26.920000076293945,26.719999313354492,469200,26.719999313354492
2011-04-25,26.719999313354492,26.1200008392334,26.610000610351562,26.18000030517578,485700,26.18000030517578
2011-04-26,26.450000762939453,26.040000915527344,26.190000534057617,26.110000610351562,944500,26.110000610351562
2011-04-27,26.829999923706055,26.1200008392334,26.229999542236328,26.809999465942383,802000,26.809999465942383
2011-04-28,26.790000915527344,26.260000228881836,26.540000915527344,26.459999084472656,418400,26.459999084472656
2011-04-29,26.979999542236328,26.40999984741211,26.639999389648438,26.889999389648438,689000,26.889999389648438
2011-05-02,27.420000076293945,26.729999542236328,26.899999618530273,27.299999237060547,786900,27.299999237060547
2011-05-03,27.440000534057617,26.190000534057617,27.110000610351562,26.440000534057617,521900,26.440000534057617
2011-05-04,26.68000030517578,25.760000228881836,26.350000381469727,25.809999465942383,651500,25.809999465942383
2011-05-05,26.040000915527344,25.209999084472656,25.65999984741211,25.239999771118164,579300,25.239999771118164
2011-05-06,25.649999618530273,25.209999084472656,25.540000915527344,25.450000762939453,578000,25.450000762939453
2011-05-09,25.709999084472656,25.239999771118164,25.420000076293945,25.6299991607666,654700,25.6299991607666
2011-05-10,26.020000457763672,25.610000610351562,25.610000610351562,25.90999984741211,670500,25.90999984741211
2011-05-11,26.350000381469727,25.8700008392334,25.989999771118164,26.200000762939453,717600,26.200000762939453
2011-05-12,26.540000915527344,26.010000228881836,26.100000381469727,26.489999771118164,607000,26.489999771118164
2011-05-13,26.889999389648438,26.459999084472656,26.5,26.639999389648438,807400,26.639999389648438
2011-05-16,26.65999984741211,26.139999389648438,26.5,26.260000228881836,469500,26.260000228881836
2011-05-17,26.149999618530273,25.829999923706055,26.100000381469727,25.989999771118164,900700,25.989999771118164
2011-05-18,26.229999542236328,25.8799991607666,26.079999923706055,26.110000610351562,995600,26.110000610351562
2011-05-19,26.3700008392334,25.770000457763672,26.25,26.110000610351562,850900,26.110000610351562
2011-05-20,26.229999542236328,25.950000762939453,25.950000762939453,26.170000076293945,572400,26.170000076293945
2011-05-23,25.899999618530273,25.420000076293945,25.809999465942383,25.6299991607666,625500,25.6299991607666
2011-05-24,26.170000076293945,25.399999618530273,25.84000015258789,26.040000915527344,1028700,26.040000915527344
2011-05-25,27.010000228881836,25.799999237060547,26.0,26.969999313354492,1996900,26.969999313354492
2011-05-26,27.670000076293945,26.860000610351562,26.93000030517578,27.469999313354492,952400,27.469999313354492
2011-05-27,28.0,27.459999084472656,27.639999389648438,27.969999313354492,730000,27.969999313354492
2011-05-31,28.639999389648438,27.799999237060547,27.799999237060547,28.229999542236328,1333700,28.229999542236328
2011-06-01,28.559999465942383,28.010000228881836,28.209999084472656,28.110000610351562,1371600,28.110000610351562
2011-06-02,28.530000686645508,27.989999771118164,28.09000015258789,28.459999084472656,949100,28.459999084472656
2011-06-03,28.389999389648438,27.670000076293945,28.09000015258789,28.010000228881836,493500,28.010000228881836
2011-06-06,28.0,27.09000015258789,27.979999542236328,27.229999542236328,504800,27.229999542236328
2011-06-07,27.59000015258789,27.25,27.420000076293945,27.459999084472656,541000,27.459999084472656
2011-06-08,27.809999465942383,27.0,27.729999542236328,27.1200008392334,861900,27.1200008392334
2011-06-09,27.329999923706055,26.739999771118164,27.1299991607666,27.049999237060547,380200,27.049999237060547
2011-06-10,27.049999237060547,25.850000381469727,26.940000534057617,26.030000686645508,925600,26.030000686645508
2011-06-13,26.34000015258789,25.760000228881836,26.190000534057617,25.8700008392334,581400,25.8700008392334
2011-06-14,26.239999771118164,25.799999237060547,26.059999465942383,25.889999389648438,389000,25.889999389648438
2011-06-15,26.520000457763672,25.75,25.809999465942383,25.889999389648438,477000,25.889999389648438
2011-06-16,25.93000030517578,25.299999237060547,25.90999984741211,25.649999618530273,786300,25.649999618530273
2011-06-17,25.790000915527344,25.270000457763672,25.780000686645508,25.65999984741211,1261900,25.65999984741211
2011-06-20,25.809999465942383,25.40999984741211,25.610000610351562,25.5,479300,25.5
2011-06-21,25.989999771118164,25.34000015258789,25.65999984741211,25.850000381469727,1034900,25.850000381469727
2011-06-22,26.09000015258789,25.549999237060547,25.760000228881836,25.719999313354492,396200,25.719999313354492
2011-06-23,25.8700008392334,25.1299991607666,25.489999771118164,25.780000686645508,625600,25.780000686645508
2011-06-24,25.760000228881836,25.3799991607666,25.739999771118164,25.549999237060547,1116500,25.549999237060547
2011-06-27,25.719999313354492,25.25,25.469999313354492,25.639999389648438,455000,25.639999389648438
2011-06-28,26.420000076293945,25.459999084472656,25.649999618530273,26.290000915527344,1470000,26.290000915527344
2011-06-29,26.989999771118164,26.049999237060547,26.31999969482422,26.809999465942383,1245400,26.809999465942383
2011-06-30,27.3700008392334,26.75,26.81999969482422,27.209999084472656,1033600,27.209999084472656
2011-07-01,27.899999618530273,26.940000534057617,27.1299991607666,27.860000610351562,711300,27.860000610351562
2011-07-05,27.8799991607666,27.559999465942383,27.700000762939453,27.790000915527344,456400,27.790000915527344
2011-07-06,28.15999984741211,27.600000381469727,27.639999389648438,28.149999618530273,478900,28.149999618530273
2011-07-07,28.8799991607666,28.149999618530273,28.25,28.719999313354492,1077200,28.719999313354492
2011-07-08,29.0,28.420000076293945,28.420000076293945,28.8799991607666,725200,28.8799991607666
2011-07-11,28.719999313354492,28.329999923706055,28.489999771118164,28.65999984741211,1919500,28.65999984741211
2011-07-12,29.0,28.559999465942383,28.65999984741211,28.899999618530273,1278400,28.899999618530273
2011-07-13,29.34000015258789,28.860000610351562,28.950000762939453,29.25,852700,29.25
2011-07-14,30.059999465942383,29.31999969482422,29.3799991607666,29.8700008392334,1889300,29.8700008392334
2011-07-15,29.920000076293945,29.350000381469727,29.920000076293945,29.690000534057617,1222000,29.690000534057617
2011-07-18,29.690000534057617,29.260000228881836,29.579999923706055,29.56999969482422,801300,29.56999969482422
2011-07-19,30.489999771118164,29.6299991607666,29.75,30.459999084472656,955400,30.459999084472656
2011-07-20,30.450000762939453,29.649999618530273,30.450000762939453,29.770000457763672,1123800,29.770000457763672
2011-07-21,30.420000076293945,29.520000457763672,30.010000228881836,30.280000686645508,741400,30.280000686645508
2011-07-22,30.860000610351562,30.100000381469727,30.200000762939453,30.709999084472656,722100,30.709999084472656
2011-07-25,30.40999984741211,29.93000030517578,30.40999984741211,30.079999923706055,516800,30.079999923706055
2011-07-26,30.3799991607666,29.799999237060547,30.079999923706055,30.280000686645508,1118600,30.280000686645508
2011-07-27,30.149999618530273,29.170000076293945,30.030000686645508,29.549999237060547,917100,29.549999237060547
2011-07-28,29.81999969482422,28.809999465942383,29.579999923706055,29.290000915527344,1474600,29.290000915527344
2011-07-29,31.68000030517578,29.610000610351562,30.889999389648438,31.229999542236328,1855500,31.229999542236328
2011-08-01,31.889999389648438,30.440000534057617,31.6299991607666,30.729999542236328,1168100,30.729999542236328
2011-08-02,30.780000686645508,29.149999618530273,30.229999542236328,29.190000534057617,1087700,29.190000534057617
2011-08-03,29.450000762939453,27.6200008392334,29.1299991607666,28.690000534057617,1238100,28.690000534057617
2011-08-04,28.790000915527344,26.6200008392334,28.5,26.639999389648438,1772500,26.639999389648438
2011-08-05,27.389999389648438,25.399999618530273,27.139999389648438,26.170000076293945,1687900,26.170000076293945
2011-08-08,25.670000076293945,23.739999771118164,25.43000030517578,24.020000457763672,1252200,24.020000457763672
2011-08-09,25.68000030517578,23.920000076293945,24.329999923706055,25.68000030517578,1598000,25.68000030517578
2011-08-10,26.420000076293945,24.940000534057617,25.299999237060547,25.479999542236328,2037600,25.479999542236328
2011-08-11,26.90999984741211,25.5,25.690000534057617,26.639999389648438,1934200,26.639999389648438
2011-08-12,27.5,26.440000534057617,26.770000457763672,27.100000381469727,1074500,27.100000381469727
2011-08-15,27.81999969482422,26.860000610351562,27.239999771118164,27.670000076293945,868900,27.670000076293945
2011-08-16,27.889999389648438,27.219999313354492,27.3799991607666,27.479999542236328,539800,27.479999542236328
2011-08-17,28.1299991607666,27.1200008392334,27.6299991607666,27.8700008392334,1668200,27.8700008392334
2011-08-18,27.329999923706055,26.110000610351562,27.18000030517578,26.43000030517578,920300,26.43000030517578
2011-08-19,27.760000228881836,25.979999542236328,26.15999984741211,26.690000534057617,1383200,26.690000534057617
2011-08-22,27.479999542236328,26.469999313354492,27.229999542236328,27.030000686645508,1784700,27.030000686645508
2011-08-23,27.860000610351562,26.719999313354492,27.020000457763672,27.860000610351562,661400,27.860000610351562
2011-08-24,28.139999389648438,27.219999313354492,27.709999084472656,28.049999237060547,837500,28.049999237060547
2011-08-25,28.299999237060547,27.139999389648438,28.170000076293945,27.209999084472656,1238000,27.209999084472656
2011-08-26,28.079999923706055,26.610000610351562,27.09000015258789,28.06999969482422,466400,28.06999969482422
2011-08-29,28.959999084472656,28.1299991607666,28.350000381469727,28.90999984741211,376800,28.90999984741211
2011-08-30,29.65999984741211,28.479999542236328,28.709999084472656,29.440000534057617,708800,29.440000534057617
2011-08-31,30.100000381469727,29.25,29.440000534057617,29.59000015258789,1446700,29.59000015258789
2011-09-01,29.959999084472656,28.760000228881836,29.5,28.90999984741211,763300,28.90999984741211
2011-09-02,28.899999618530273,28.170000076293945,28.3700008392334,28.56999969482422,1143800,28.56999969482422
2011-09-06,28.93000030517578,27.559999465942383,27.799999237060547,28.1200008392334,1407100,28.1200008392334
2011-09-07,29.030000686645508,28.200000762939453,28.59000015258789,29.030000686645508,581200,29.030000686645508
2011-09-08,30.1200008392334,28.510000228881836,28.770000457763672,29.940000534057617,1966900,29.940000534057617
2011-09-09,29.739999771118164,28.799999237060547,29.6200008392334,29.09000015258789,1403600,29.09000015258789
2011-09-12,29.920000076293945,28.56999969482422,28.6299991607666,29.8799991607666,1354000,29.8799991607666
2011-09-13,30.709999084472656,29.649999618530273,29.8799991607666,30.59000015258789,993500,30.59000015258789
2011-09-14,31.030000686645508,30.100000381469727,30.799999237060547,30.729999542236328,653000,30.729999542236328
2011-09-15,31.190000534057617,29.979999542236328,31.190000534057617,30.350000381469727,756600,30.350000381469727
2011-09-16,31.059999465942383,30.290000915527344,30.549999237060547,30.649999618530273,1162100,30.649999618530273
2011-09-19,31.8700008392334,30.219999313354492,30.239999771118164,31.540000915527344,946500,31.540000915527344
2011-09-20,31.979999542236328,31.020000457763672,31.600000381469727,31.530000686645508,818200,31.530000686645508
2011-09-21,31.93000030517578,30.969999313354492,31.440000534057617,31.0,527200,31.0
2011-09-22,30.34000015258789,29.149999618530273,30.059999465942383,29.899999618530273,1528900,29.899999618530273
2011-09-23,31.049999237060547,29.739999771118164,29.739999771118164,30.889999389648438,662800,30.889999389648438
2011-09-26,31.049999237060547,29.5,31.049999237060547,30.610000610351562,1045000,30.610000610351562
2011-09-27,31.350000381469727,30.489999771118164,30.68000030517578,30.829999923706055,745900,30.829999923706055
2011-09-28,33.47999954223633,31.459999084472656,31.829999923706055,31.799999237060547,3097700,31.799999237060547
2011-09-29,32.150001525878906,30.75,32.09000015258789,31.690000534057617,1656400,31.690000534057617
2011-09-30,32.459999084472656,30.979999542236328,31.209999084472656,31.8700008392334,1215800,31.8700008392334
2011-10-03,32.099998474121094,30.020000457763672,31.700000762939453,30.06999969482422,1150600,30.06999969482422
2011-10-04,31.670000076293945,29.5,29.889999389648438,31.639999389648438,1325700,31.639999389648438
2011-10-05,32.68000030517578,31.1299991607666,31.479999542236328,32.56999969482422,1235200,32.56999969482422
2011-10-06,33.5,32.349998474121094,32.439998626708984,33.470001220703125,873200,33.470001220703125
2011-10-07,33.83000183105469,32.65999984741211,33.0,33.34000015258789,605100,33.34000015258789
2011-10-10,34.5,33.400001525878906,33.709999084472656,33.7599983215332,582800,33.7599983215332
2011-10-11,33.72999954223633,33.13999938964844,33.63999938964844,33.380001068115234,585400,33.380001068115234
2011-10-12,34.060001373291016,33.0,33.599998474121094,33.119998931884766,770700,33.119998931884766
2011-10-13,33.75,32.5099983215332,32.91999816894531,33.41999816894531,492800,33.41999816894531
2011-10-14,34.150001525878906,33.209999084472656,33.689998626708984,33.400001525878906,803100,33.400001525878906
2011-10-17,33.540000915527344,32.400001525878906,33.25,32.869998931884766,738300,32.869998931884766
2011-10-18,33.2599983215332,32.380001068115234,32.810001373291016,32.939998626708984,540400,32.939998626708984
2011-10-19,33.150001525878906,32.41999816894531,32.900001525878906,32.5099983215332,691900,32.5099983215332
2011-10-20,33.09000015258789,31.860000610351562,32.61000061035156,32.88999938964844,701500,32.88999938964844
2011-10-21,33.72999954223633,32.91999816894531,33.130001068115234,33.70000076293945,479800,33.70000076293945
2011-10-24,33.7400016784668,32.95000076293945,33.709999084472656,33.130001068115234,777900,33.130001068115234
2011-10-25,33.09000015258789,32.099998474121094,32.95000076293945,32.18000030517578,577800,32.18000030517578
2011-10-26,32.68000030517578,31.399999618530273,32.59000015258789,32.119998931884766,733300,32.119998931884766
2011-10-27,34.0,32.349998474121094,32.630001068115234,33.2599983215332,1028800,33.2599983215332
2011-10-28,35.560001373291016,32.54999923706055,33.220001220703125,35.380001068115234,1661800,35.380001068115234
2011-10-31,35.279998779296875,33.970001220703125,35.150001525878906,34.11000061035156,950500,34.11000061035156
2011-11-01,33.77000045776367,32.61000061035156,33.189998626708984,32.83000183105469,1631100,32.83000183105469
2011-11-02,33.25,32.02000045776367,33.099998474121094,32.279998779296875,889700,32.279998779296875
2011-11-03,32.90999984741211,32.02000045776367,32.40999984741211,32.689998626708984,911600,32.689998626708984
2011-11-04,33.25,32.25,32.5,33.189998626708984,677500,33.189998626708984
2011-11-07,33.349998474121094,31.940000534057617,33.119998931884766,32.540000915527344,567100,32.540000915527344
2011-11-08,32.63999938964844,31.780000686645508,32.61000061035156,31.860000610351562,811300,31.860000610351562
2011-11-09,31.6299991607666,30.790000915527344,31.239999771118164,30.889999389648438,1166200,30.889999389648438
2011-11-10,31.309999465942383,30.100000381469727,31.049999237060547,30.760000228881836,972700,30.760000228881836
2011-11-11,32.04999923706055,30.760000228881836,30.889999389648438,31.860000610351562,1064000,31.860000610351562
2011-11-14,32.08000183105469,31.440000534057617,31.639999389648438,31.940000534057617,553000,31.940000534057617
2011-11-15,32.0,31.520000457763672,31.739999771118164,31.649999618530273,339200,31.649999618530273
2011-11-16,31.639999389648438,31.010000228881836,31.389999389648438,31.06999969482422,420600,31.06999969482422
2011-11-17,31.229999542236328,30.239999771118164,31.020000457763672,30.360000610351562,881100,30.360000610351562
2011-11-18,30.729999542236328,30.139999389648438,30.350000381469727,30.6200008392334,685200,30.6200008392334
2011-11-21,31.399999618530273,30.059999465942383,30.34000015258789,31.200000762939453,887100,31.200000762939453
2011-11-22,33.20000076293945,31.049999237060547,31.1200008392334,32.43000030517578,1266500,32.43000030517578
2011-11-23,32.709999084472656,32.15999984741211,32.22999954223633,32.40999984741211,882800,32.40999984741211
2011-11-25,32.4900016784668,32.11000061035156,32.2599983215332,32.25,256700,32.25
2011-11-28,33.720001220703125,32.849998474121094,32.95000076293945,33.720001220703125,660700,33.720001220703125
2011-11-29,33.880001068115234,33.29999923706055,33.75,33.41999816894531,581700,33.41999816894531
2011-11-30,34.630001068115234,33.0,33.95000076293945,34.619998931884766,808800,34.619998931884766
2011-12-01,35.15999984741211,33.90999984741211,34.29999923706055,35.06999969482422,723000,35.06999969482422
2011-12-02,35.470001220703125,34.18000030517578,35.27000045776367,34.529998779296875,801000,34.529998779296875
2011-12-05,34.88999938964844,33.619998931884766,34.83000183105469,33.689998626708984,1085500,33.689998626708984
2011-12-06,33.970001220703125,33.31999969482422,33.83000183105469,33.59000015258789,570200,33.59000015258789
2011-12-07,33.54999923706055,32.79999923706055,33.5099983215332,33.0099983215332,1000600,33.0099983215332
2011-12-08,33.4900016784668,32.790000915527344,33.31999969482422,33.18000030517578,2022800,33.18000030517578
2011-12-09,33.83000183105469,33.150001525878906,33.189998626708984,33.630001068115234,1040200,33.630001068115234
2011-12-12,33.47999954223633,32.86000061035156,33.38999938964844,33.099998474121094,517600,33.099998474121094
2011-12-13,33.54999923706055,32.18000030517578,33.279998779296875,32.310001373291016,794000,32.310001373291016
2011-12-14,32.52000045776367,31.520000457763672,32.15999984741211,32.04999923706055,721900,32.04999923706055
2011-12-15,32.58000183105469,31.290000915527344,32.29999923706055,31.299999237060547,1277400,31.299999237060547
2011-12-16,31.670000076293945,30.979999542236328,31.239999771118164,31.56999969482422,1650800,31.56999969482422
2011-12-19,32.619998931884766,31.700000762939453,31.90999984741211,31.860000610351562,816400,31.860000610351562
2011-12-20,33.29999923706055,32.220001220703125,32.38999938964844,33.27000045776367,1185900,33.27000045776367
2011-12-21,33.65999984741211,33.040000915527344,33.310001373291016,33.63999938964844,709000,33.63999938964844
2011-12-22,33.97999954223633,33.61000061035156,33.65999984741211,33.900001525878906,402100,33.900001525878906
2011-12-23,33.90999984741211,33.470001220703125,33.79999923706055,33.77000045776367,408700,33.77000045776367
2011-12-27,33.810001373291016,33.400001525878906,33.5099983215332,33.4900016784668,354500,33.4900016784668
2011-12-28,33.810001373291016,33.25,33.5099983215332,33.66999816894531,404400,33.66999816894531
2011-12-29,34.119998931884766,33.439998626708984,33.59000015258789,34.060001373291016,377000,34.060001373291016
2011-12-30,34.7599983215332,33.959999084472656,34.08000183105469,34.380001068115234,467200,34.380001068115234
2012-01-03,35.599998474121094,34.22999954223633,34.47999954223633,34.93000030517578,1215200,34.93000030517578
2012-01-04,35.41999816894531,34.7400016784668,34.7400016784668,35.310001373291016,703900,35.310001373291016
2012-01-05,35.939998626708984,34.7599983215332,35.130001068115234,35.599998474121094,859200,35.599998474121094
2012-01-06,36.65999984741211,35.470001220703125,35.540000915527344,36.61000061035156,1014900,36.61000061035156
2012-01-09,37.81999969482422,36.040000915527344,36.79999923706055,37.16999816894531,1826600,37.16999816894531
2012-01-10,37.470001220703125,36.61000061035156,37.29999923706055,36.7400016784668,805400,36.7400016784668
2012-01-11,36.90999984741211,36.09000015258789,36.900001525878906,36.209999084472656,994000,36.209999084472656
2012-01-12,36.380001068115234,35.36000061035156,36.20000076293945,35.540000915527344,1164800,35.540000915527344
2012-01-13,35.400001525878906,33.93000030517578,35.279998779296875,34.9900016784668,1373400,34.9900016784668
2012-01-17,36.040000915527344,34.849998474121094,35.2400016784668,35.86000061035156,967300,35.86000061035156
2012-01-18,36.099998474121094,35.400001525878906,35.790000915527344,36.029998779296875,493500,36.029998779296875
2012-01-19,36.04999923706055,35.599998474121094,35.900001525878906,35.7400016784668,655500,35.7400016784668
2012-01-20,35.75,34.90999984741211,35.540000915527344,35.20000076293945,411800,35.20000076293945
2012-01-23,35.5,34.5099983215332,35.209999084472656,34.779998779296875,553300,34.779998779296875
2012-01-24,35.540000915527344,34.529998779296875,34.81999969482422,35.029998779296875,545800,35.029998779296875
2012-01-25,35.720001220703125,34.72999954223633,35.40999984741211,35.4900016784668,1304100,35.4900016784668
2012-01-26,35.90999984741211,34.68000030517578,35.40999984741211,34.900001525878906,1318300,34.900001525878906
2012-01-27,35.90999984741211,34.7599983215332,34.88999938964844,35.849998474121094,2744100,35.849998474121094
2012-01-30,35.7400016784668,35.20000076293945,35.61000061035156,35.599998474121094,412700,35.599998474121094
2012-01-31,35.84000015258789,35.36000061035156,35.790000915527344,35.63999938964844,787700,35.63999938964844
2012-02-01,37.810001373291016,35.619998931884766,36.0,37.7400016784668,2919400,37.7400016784668
2012-02-02,38.11000061035156,37.25,37.52000045776367,37.290000915527344,961200,37.290000915527344
2012-02-03,38.209999084472656,37.279998779296875,37.599998474121094,37.529998779296875,643600,37.529998779296875
2012-02-06,38.65999984741211,37.31999969482422,37.5,38.27000045776367,767900,38.27000045776367
2012-02-07,38.40999984741211,37.709999084472656,38.040000915527344,38.34000015258789,947700,38.34000015258789
2012-02-08,38.439998626708984,37.0099983215332,37.0099983215332,37.7599983215332,1607300,37.7599983215332
2012-02-09,38.31999969482422,37.66999816894531,37.75,38.04999923706055,1743100,38.04999923706055
2012-02-10,37.91999816894531,37.130001068115234,37.91999816894531,37.209999084472656,1326000,37.209999084472656
2012-02-13,38.95000076293945,37.290000915527344,37.7400016784668,38.029998779296875,2050900,38.029998779296875
2012-02-14,38.630001068115234,37.369998931884766,38.0,38.06999969482422,1961900,38.06999969482422
2012-02-15,38.400001525878906,37.56999969482422,38.20000076293945,37.70000076293945,1703700,37.70000076293945
2012-02-16,38.310001373291016,37.540000915527344,37.7400016784668,37.70000076293945,880700,37.70000076293945
2012-02-17,37.16999816894531,35.15999984741211,35.849998474121094,36.20000076293945,2459700,36.20000076293945
2012-02-21,36.189998626708984,35.029998779296875,35.869998931884766,35.2599983215332,1509800,35.2599983215332
2012-02-22,35.86000061035156,34.810001373291016,35.75,35.029998779296875,1866500,35.029998779296875
2012-02-23,35.900001525878906,34.91999816894531,35.150001525878906,35.25,1943400,35.25
2012-02-24,35.47999954223633,34.529998779296875,35.380001068115234,35.0,1395000,35.0
2012-02-27,36.349998474121094,34.709999084472656,34.880001068115234,36.25,1083600,36.25
2012-02-28,36.27000045776367,35.75,36.15999984741211,35.790000915527344,1055500,35.790000915527344
2012-02-29,36.380001068115234,35.689998626708984,36.040000915527344,35.75,997000,35.75
2012-03-01,36.119998931884766,35.52000045776367,35.970001220703125,35.63999938964844,886100,35.63999938964844
2012-03-02,35.93000030517578,35.29999923706055,35.70000076293945,35.38999938964844,558900,35.38999938964844
2012-03-05,35.470001220703125,34.369998931884766,35.29999923706055,34.4900016784668,864700,34.4900016784668
2012-03-06,34.36000061035156,33.61000061035156,34.15999984741211,33.68000030517578,1454700,33.68000030517578
2012-03-07,34.45000076293945,33.689998626708984,33.88999938964844,34.25,697300,34.25
2012-03-08,35.029998779296875,34.34000015258789,34.470001220703125,34.630001068115234,778200,34.630001068115234
2012-03-09,34.75,34.150001525878906,34.619998931884766,34.369998931884766,600000,34.369998931884766
2012-03-12,34.59000015258789,34.0,34.459999084472656,34.13999938964844,648100,34.13999938964844
2012-03-13,34.59000015258789,33.81999969482422,34.16999816894531,34.06999969482422,982600,34.06999969482422
2012-03-14,34.22999954223633,33.970001220703125,34.08000183105469,34.060001373291016,558300,34.060001373291016
2012-03-15,34.560001373291016,33.880001068115234,33.97999954223633,34.45000076293945,832500,34.45000076293945
2012-03-16,34.810001373291016,34.31999969482422,34.5,34.66999816894531,778300,34.66999816894531
2012-03-19,35.97999954223633,35.27000045776367,35.560001373291016,35.40999984741211,1076200,35.40999984741211
2012-03-20,35.189998626708984,34.369998931884766,35.189998626708984,34.439998626708984,1267600,34.439998626708984
2012-03-21,34.709999084472656,33.939998626708984,34.52000045776367,34.47999954223633,1024600,34.47999954223633
2012-03-22,35.060001373291016,34.0099983215332,34.2400016784668,34.650001525878906,1355600,34.650001525878906
2012-03-23,34.75,34.119998931884766,34.709999084472656,34.29999923706055,1037400,34.29999923706055
2012-03-26,35.599998474121094,34.5,34.66999816894531,35.220001220703125,784400,35.220001220703125
2012-03-27,35.40999984741211,34.880001068115234,35.29999923706055,35.02000045776367,504000,35.02000045776367
2012-03-28,35.58000183105469,34.2599983215332,34.97999954223633,34.540000915527344,574200,34.540000915527344
2012-03-29,34.4900016784668,33.959999084472656,34.45000076293945,34.25,784000,34.25
2012-03-30,34.540000915527344,34.099998474121094,34.45000076293945,34.25,708600,34.25
2012-04-02,34.29999923706055,33.709999084472656,34.2400016784668,33.779998779296875,1110000,33.779998779296875
2012-04-03,34.11000061035156,33.290000915527344,33.79999923706055,33.560001373291016,1384300,33.560001373291016
2012-04-04,33.369998931884766,32.63999938964844,33.310001373291016,32.72999954223633,1838500,32.72999954223633
2012-04-05,33.66999816894531,32.61000061035156,32.72999954223633,33.5,939800,33.5
2012-04-09,33.40999984741211,32.880001068115234,33.0,33.0099983215332,598800,33.0099983215332
2012-04-10,33.13999938964844,31.90999984741211,32.7599983215332,32.130001068115234,749600,32.130001068115234
2012-04-11,32.90999984741211,32.220001220703125,32.369998931884766,32.279998779296875,836900,32.279998779296875
2012-04-12,33.27000045776367,32.54999923706055,32.869998931884766,33.0,956500,33.0
2012-04-13,33.040000915527344,32.529998779296875,33.02000045776367,32.7400016784668,1071800,32.7400016784668
2012-04-16,33.18000030517578,32.20000076293945,32.849998474121094,32.72999954223633,816400,32.72999954223633
2012-04-17,33.68000030517578,32.7599983215332,32.9900016784668,33.43000030517578,1238500,33.43000030517578
2012-04-18,33.540000915527344,32.959999084472656,33.13999938964844,33.04999923706055,849000,33.04999923706055
2012-04-19,34.52000045776367,32.95000076293945,32.95000076293945,34.209999084472656,1643800,34.209999084472656
2012-04-20,35.11000061035156,34.220001220703125,34.22999954223633,34.939998626708984,1144800,34.939998626708984
2012-04-23,34.93000030517578,34.25,34.540000915527344,34.900001525878906,982500,34.900001525878906
2012-04-24,35.060001373291016,34.58000183105469,34.91999816894531,34.63999938964844,485200,34.63999938964844
2012-04-25,35.54999923706055,34.75,35.04999923706055,35.47999954223633,636300,35.47999954223633
2012-04-26,35.45000076293945,35.0,35.400001525878906,35.29999923706055,667700,35.29999923706055
2012-04-27,35.36000061035156,33.75,34.65999984741211,35.060001373291016,943600,35.060001373291016
2012-04-30,35.119998931884766,34.650001525878906,35.11000061035156,34.70000076293945,455900,34.70000076293945
2012-05-01,35.349998474121094,34.45000076293945,34.7400016784668,34.939998626708984,576000,34.939998626708984
2012-05-02,36.40999984741211,34.650001525878906,34.880001068115234,36.130001068115234,1292100,36.130001068115234
2012-05-03,37.099998474121094,36.0099983215332,36.0099983215332,36.7400016784668,2107200,36.7400016784668
2012-05-04,36.650001525878906,35.619998931884766,36.650001525878906,35.790000915527344,989300,35.790000915527344
2012-05-07,36.779998779296875,35.5,35.75,36.650001525878906,888000,36.650001525878906
2012-05-08,37.52000045776367,36.220001220703125,36.5,37.459999084472656,1602500,37.459999084472656
2012-05-09,37.54999923706055,36.47999954223633,37.29999923706055,36.5,1523200,36.5
2012-05-10,37.7400016784668,36.630001068115234,36.68000030517578,37.4900016784668,1200000,37.4900016784668
2012-05-11,38.5,37.040000915527344,37.06999969482422,38.0,1476300,38.0
2012-05-14,38.68000030517578,37.27000045776367,37.90999984741211,38.5099983215332,1616000,38.5099983215332
2012-05-15,38.88999938964844,38.189998626708984,38.31999969482422,38.779998779296875,1413100,38.779998779296875
2012-05-16,39.20000076293945,38.040000915527344,39.0,38.459999084472656,1223900,38.459999084472656
2012-05-17,38.619998931884766,37.150001525878906,38.40999984741211,37.18000030517578,1255200,37.18000030517578
2012-05-18,37.540000915527344,36.5,37.540000915527344,36.599998474121094,1148800,36.599998474121094
2012-05-21,37.790000915527344,36.11000061035156,36.86000061035156,37.70000076293945,1553300,37.70000076293945
2012-05-22,38.40999984741211,37.47999954223633,37.70000076293945,37.97999954223633,1246800,37.97999954223633
2012-05-23,38.150001525878906,37.209999084472656,37.900001525878906,38.040000915527344,1061100,38.040000915527344
2012-05-24,38.560001373291016,37.84000015258789,38.189998626708984,38.5099983215332,1372100,38.5099983215332
2012-05-25,38.79999923706055,38.15999984741211,38.61000061035156,38.63999938964844,792300,38.63999938964844
2012-05-29,39.290000915527344,38.38999938964844,38.77000045776367,39.060001373291016,1035900,39.060001373291016
2012-05-30,38.779998779296875,38.11000061035156,38.7599983215332,38.290000915527344,905000,38.290000915527344
2012-05-31,36.5,35.119998931884766,36.04999923706055,35.63999938964844,5687000,35.63999938964844
2012-06-01,35.75,34.29999923706055,35.2599983215332,35.529998779296875,3402500,35.529998779296875
2012-06-04,37.06999969482422,35.36000061035156,36.099998474121094,36.0,2568000,36.0
2012-06-05,36.849998474121094,35.75,35.97999954223633,36.619998931884766,1533800,36.619998931884766
2012-06-06,38.08000183105469,36.650001525878906,36.880001068115234,37.9900016784668,2165300,37.9900016784668
2012-06-07,39.0099983215332,36.29999923706055,38.11000061035156,36.349998474121094,3927400,36.349998474121094
2012-06-08,36.779998779296875,35.869998931884766,36.369998931884766,36.34000015258789,1445500,36.34000015258789
2012-06-11,36.88999938964844,35.56999969482422,36.77000045776367,35.650001525878906,1665000,35.650001525878906
2012-06-12,37.0099983215332,35.56999969482422,36.34000015258789,36.27000045776367,3721600,36.27000045776367
2012-06-13,36.619998931884766,35.939998626708984,36.54999923706055,36.04999923706055,2130700,36.04999923706055
2012-06-14,37.58000183105469,35.970001220703125,36.27000045776367,36.77000045776367,1793500,36.77000045776367
2012-06-15,37.16999816894531,36.439998626708984,36.75,37.040000915527344,2058000,37.040000915527344
2012-06-18,37.72999954223633,36.5099983215332,37.06999969482422,36.88999938964844,1297700,36.88999938964844
2012-06-19,37.880001068115234,36.810001373291016,36.9900016784668,37.20000076293945,1723000,37.20000076293945
2012-06-20,38.189998626708984,37.11000061035156,37.470001220703125,37.66999816894531,1364900,37.66999816894531
2012-06-21,37.689998626708984,36.4900016784668,37.689998626708984,36.650001525878906,1029000,36.650001525878906
2012-06-22,37.34000015258789,36.459999084472656,36.88999938964844,37.310001373291016,1638000,37.310001373291016
2012-06-25,37.209999084472656,35.9900016784668,36.849998474121094,37.040000915527344,722700,37.040000915527344
2012-06-26,37.59000015258789,36.790000915527344,36.97999954223633,37.189998626708984,737900,37.189998626708984
2012-06-27,38.0,36.93000030517578,37.20000076293945,37.88999938964844,910100,37.88999938964844
2012-06-28,39.09000015258789,37.060001373291016,37.68000030517578,37.65999984741211,2125200,37.65999984741211
2012-06-29,39.63999938964844,37.97999954223633,38.38999938964844,39.58000183105469,1840800,39.58000183105469
2012-07-02,41.70000076293945,39.599998474121094,39.88999938964844,41.689998626708984,2699200,41.689998626708984
2012-07-03,42.369998931884766,41.18000030517578,41.54999923706055,41.63999938964844,937900,41.63999938964844
2012-07-05,41.83000183105469,40.880001068115234,41.83000183105469,41.29999923706055,1468400,41.29999923706055
2012-07-06,41.310001373291016,40.4900016784668,41.08000183105469,40.77000045776367,1069900,40.77000045776367
2012-07-09,42.5,40.52000045776367,40.7599983215332,42.31999969482422,2836900,42.31999969482422
2012-07-10,42.970001220703125,41.95000076293945,42.47999954223633,41.959999084472656,2212900,41.959999084472656
2012-07-11,42.130001068115234,40.790000915527344,41.95000076293945,41.459999084472656,1775300,41.459999084472656
2012-07-12,44.18000030517578,41.13999938964844,41.720001220703125,42.38999938964844,2926100,42.38999938964844
2012-07-13,43.560001373291016,42.52000045776367,43.33000183105469,43.29999923706055,1743200,43.29999923706055
2012-07-16,43.709999084472656,42.310001373291016,43.18000030517578,42.400001525878906,2336900,42.400001525878906
2012-07-17,42.68000030517578,40.75,42.66999816894531,41.529998779296875,2736200,41.529998779296875
2012-07-18,42.36000061035156,40.88999938964844,41.52000045776367,40.97999954223633,2136700,40.97999954223633
2012-07-19,41.27000045776367,40.33000183105469,41.18000030517578,40.720001220703125,1010900,40.720001220703125
2012-07-20,40.790000915527344,39.880001068115234,40.689998626708984,40.25,873500,40.25
2012-07-23,40.02000045776367,38.9900016784668,39.880001068115234,39.38999938964844,1553000,39.38999938964844
2012-07-24,39.709999084472656,38.54999923706055,39.5,38.869998931884766,1365500,38.869998931884766
2012-07-25,39.56999969482422,38.720001220703125,38.97999954223633,39.540000915527344,1209800,39.540000915527344
2012-07-26,40.439998626708984,39.2400016784668,39.86000061035156,39.36000061035156,1368300,39.36000061035156
2012-07-27,40.16999816894531,39.36000061035156,39.75,39.529998779296875,1682500,39.529998779296875
2012-07-30,39.939998626708984,39.43000030517578,39.54999923706055,39.560001373291016,558100,39.560001373291016
2012-07-31,40.0099983215332,39.25,39.9900016784668,39.290000915527344,1302700,39.290000915527344
2012-08-01,39.75,37.869998931884766,39.4900016784668,38.02000045776367,1256000,38.02000045776367
2012-08-02,39.189998626708984,36.90999984741211,38.439998626708984,37.2400016784668,1677900,37.2400016784668
2012-08-03,38.369998931884766,37.56999969482422,37.63999938964844,38.11000061035156,1230500,38.11000061035156
2012-08-06,38.029998779296875,37.18000030517578,37.7400016784668,37.470001220703125,909000,37.470001220703125
2012-08-07,38.58000183105469,37.650001525878906,38.0099983215332,38.36000061035156,1222300,38.36000061035156
2012-08-08,38.70000076293945,37.599998474121094,38.13999938964844,38.220001220703125,1852700,38.220001220703125
2012-08-09,38.380001068115234,37.84000015258789,38.279998779296875,38.0099983215332,821400,38.0099983215332
2012-08-10,37.91999816894531,37.290000915527344,37.79999923706055,37.61000061035156,651000,37.61000061035156
2012-08-13,38.619998931884766,37.11000061035156,37.33000183105469,38.540000915527344,1380800,38.540000915527344
2012-08-14,38.959999084472656,38.439998626708984,38.5099983215332,38.630001068115234,712300,38.630001068115234
2012-08-15,39.0,38.43000030517578,38.5099983215332,38.65999984741211,943800,38.65999984741211
2012-08-16,38.689998626708984,37.95000076293945,38.4900016784668,38.15999984741211,881100,38.15999984741211
2012-08-17,38.560001373291016,37.880001068115234,38.22999954223633,37.95000076293945,999000,37.95000076293945
2012-08-20,37.91999816894531,36.5,37.91999816894531,37.02000045776367,1614300,37.02000045776367
2012-08-21,37.81999969482422,36.970001220703125,37.04999923706055,37.47999954223633,1412800,37.47999954223633
2012-08-22,38.11000061035156,37.20000076293945,37.5,37.86000061035156,1006000,37.86000061035156
2012-08-23,38.15999984741211,37.75,37.810001373291016,37.939998626708984,697700,37.939998626708984
2012-08-24,39.130001068115234,38.02000045776367,38.08000183105469,38.70000076293945,1213000,38.70000076293945
2012-08-27,38.459999084472656,37.18000030517578,37.84000015258789,37.900001525878906,1183800,37.900001525878906
2012-08-28,38.56999969482422,37.689998626708984,37.849998474121094,38.349998474121094,1602400,38.349998474121094
2012-08-29,38.4900016784668,37.619998931884766,38.31999969482422,37.70000076293945,535300,37.70000076293945
2012-08-30,38.15999984741211,37.58000183105469,37.59000015258789,37.619998931884766,703700,37.619998931884766
2012-08-31,37.900001525878906,36.849998474121094,37.79999923706055,37.34000015258789,4719800,37.34000015258789
2012-09-04,38.099998474121094,37.29999923706055,37.45000076293945,37.93000030517578,1130800,37.93000030517578
2012-09-05,37.72999954223633,37.150001525878906,37.5,37.45000076293945,1638200,37.45000076293945
2012-09-06,39.02000045776367,37.2599983215332,37.77000045776367,38.88999938964844,1397700,38.88999938964844
2012-09-07,39.029998779296875,38.18000030517578,38.959999084472656,38.36000061035156,1199300,38.36000061035156
2012-09-10,39.36000061035156,38.38999938964844,38.619998931884766,38.61000061035156,1387400,38.61000061035156
2012-09-11,38.88999938964844,38.36000061035156,38.65999984741211,38.58000183105469,703700,38.58000183105469
2012-09-12,39.25,38.400001525878906,38.91999816894531,38.65999984741211,954200,38.65999984741211
2012-09-13,38.83000183105469,38.0,38.630001068115234,38.27000045776367,784700,38.27000045776367
2012-09-14,38.380001068115234,37.650001525878906,38.349998474121094,38.06999969482422,1379700,38.06999969482422
2012-09-17,38.58000183105469,37.9900016784668,37.9900016784668,38.40999984741211,1231700,38.40999984741211
2012-09-18,39.029998779296875,38.279998779296875,38.380001068115234,39.0099983215332,1260500,39.0099983215332
2012-09-19,39.79999923706055,38.84000015258789,38.9900016784668,39.630001068115234,807900,39.630001068115234
2012-09-20,40.5099983215332,39.4900016784668,39.4900016784668,40.130001068115234,1050300,40.130001068115234
2012-09-21,41.220001220703125,40.2400016784668,40.41999816894531,41.15999984741211,1714400,41.15999984741211
2012-09-24,41.22999954223633,40.25,41.04999923706055,40.369998931884766,622000,40.369998931884766
2012-09-25,40.959999084472656,40.22999954223633,40.66999816894531,40.25,923700,40.25
2012-09-26,40.4900016784668,39.650001525878906,40.11000061035156,39.79999923706055,675700,39.79999923706055
2012-09-27,40.22999954223633,39.7400016784668,40.20000076293945,40.20000076293945,1243700,40.20000076293945
2012-09-28,40.36000061035156,39.83000183105469,40.0,40.2599983215332,653700,40.2599983215332
2012-10-01,40.34000015258789,39.45000076293945,40.34000015258789,39.869998931884766,948700,39.869998931884766
2012-10-02,41.18000030517578,39.88999938964844,40.15999984741211,40.970001220703125,1365900,40.970001220703125
2012-10-03,41.099998474121094,40.45000076293945,41.0,40.75,860300,40.75
2012-10-04,41.119998931884766,40.59000015258789,40.66999816894531,40.869998931884766,588800,40.869998931884766
2012-10-05,41.720001220703125,40.619998931884766,40.900001525878906,41.68000030517578,1397500,41.68000030517578
2012-10-08,42.06999969482422,41.029998779296875,41.70000076293945,41.72999954223633,1340800,41.72999954223633
2012-10-09,41.720001220703125,41.099998474121094,41.4900016784668,41.5,1205300,41.5
2012-10-10,41.560001373291016,41.0,41.38999938964844,41.400001525878906,932500,41.400001525878906
2012-10-11,41.849998474121094,41.04999923706055,41.560001373291016,41.29999923706055,993100,41.29999923706055
2012-10-12,41.65999984741211,41.13999938964844,41.2400016784668,41.56999969482422,664400,41.56999969482422
2012-10-15,42.84000015258789,41.63999938964844,41.72999954223633,42.380001068115234,1618800,42.380001068115234
2012-10-16,43.459999084472656,42.11000061035156,42.33000183105469,42.220001220703125,2441100,42.220001220703125
2012-10-17,43.209999084472656,42.18000030517578,42.279998779296875,43.08000183105469,1334300,43.08000183105469
2012-10-18,43.529998779296875,42.720001220703125,43.06999969482422,42.81999969482422,1419900,42.81999969482422
2012-10-19,42.88999938964844,42.06999969482422,42.720001220703125,42.290000915527344,2509300,42.290000915527344
2012-10-22,42.75,41.150001525878906,42.25,41.209999084472656,3711300,41.209999084472656
2012-10-23,40.849998474121094,38.34000015258789,40.689998626708984,38.540000915527344,4274400,38.540000915527344
2012-10-24,39.130001068115234,38.060001373291016,38.709999084472656,38.31999969482422,2021800,38.31999969482422
2012-10-25,38.900001525878906,37.779998779296875,38.43000030517578,38.150001525878906,2133300,38.150001525878906
2012-10-26,40.0,38.400001525878906,39.84000015258789,38.849998474121094,3215500,38.849998474121094
2012-10-31,38.90999984741211,36.79999923706055,38.810001373291016,37.0099983215332,1623700,37.0099983215332
2012-11-01,37.650001525878906,36.599998474121094,37.290000915527344,36.779998779296875,2068800,36.779998779296875
2012-11-02,37.599998474121094,36.279998779296875,36.810001373291016,37.40999984741211,2267800,37.40999984741211
2012-11-05,49.52000045776367,45.9900016784668,46.0,49.06999969482422,13121300,49.06999969482422
2012-11-06,49.18000030517578,48.209999084472656,48.52000045776367,48.63999938964844,3887800,48.63999938964844
2012-11-07,48.0,46.25,47.81999969482422,46.5,3573500,46.5
2012-11-08,47.97999954223633,46.25,46.25,47.7599983215332,2382400,47.7599983215332
2012-11-09,48.70000076293945,47.45000076293945,47.58000183105469,48.09000015258789,1618600,48.09000015258789
2012-11-12,48.79999923706055,47.93000030517578,48.16999816894531,48.130001068115234,984400,48.130001068115234
2012-11-13,48.599998474121094,47.56999969482422,47.939998626708984,48.439998626708984,1515900,48.439998626708984
2012-11-14,49.189998626708984,47.56999969482422,48.349998474121094,47.84000015258789,998500,47.84000015258789
2012-11-15,52.959999084472656,47.02000045776367,47.599998474121094,47.599998474121094,2456000,47.599998474121094
2012-11-16,48.47999954223633,47.31999969482422,47.630001068115234,47.900001525878906,1863300,47.900001525878906
2012-11-19,49.0,47.7400016784668,48.400001525878906,48.279998779296875,1124700,48.279998779296875
2012-11-20,49.41999816894531,48.25,48.25,49.27000045776367,1419900,49.27000045776367
2012-11-21,49.5099983215332,48.7400016784668,49.02000045776367,48.900001525878906,555400,48.900001525878906
2012-11-23,49.16999816894531,48.7400016784668,49.16999816894531,49.08000183105469,272100,49.08000183105469
2012-11-26,48.9900016784668,48.31999969482422,48.79999923706055,48.59000015258789,597800,48.59000015258789
2012-11-27,48.810001373291016,48.119998931884766,48.77000045776367,48.2400016784668,654200,48.2400016784668
2012-11-28,49.18000030517578,47.5099983215332,48.15999984741211,49.130001068115234,730300,49.130001068115234
2012-11-29,49.470001220703125,48.720001220703125,49.22999954223633,49.04999923706055,1048000,49.04999923706055
2012-11-30,49.279998779296875,48.34000015258789,49.0,48.5,805100,48.5
2012-12-03,49.189998626708984,48.220001220703125,48.95000076293945,48.689998626708984,902600,48.689998626708984
2012-12-04,48.65999984741211,47.599998474121094,48.58000183105469,48.09000015258789,819300,48.09000015258789
2012-12-05,48.41999816894531,47.68000030517578,48.189998626708984,47.88999938964844,641200,47.88999938964844
2012-12-06,48.25,47.349998474121094,47.810001373291016,47.86000061035156,994400,47.86000061035156
2012-12-07,48.130001068115234,46.529998779296875,47.939998626708984,46.959999084472656,1646500,46.959999084472656
2012-12-10,48.369998931884766,47.04999923706055,47.04999923706055,48.29999923706055,627700,48.29999923706055
2012-12-11,49.72999954223633,48.04999923706055,48.38999938964844,49.58000183105469,1255000,49.58000183105469
2012-12-12,50.47999954223633,49.45000076293945,49.56999969482422,50.16999816894531,1304400,50.16999816894531
2012-12-13,50.040000915527344,49.0,49.90999984741211,49.369998931884766,720200,49.369998931884766
2012-12-14,49.90999984741211,48.84000015258789,49.25,49.40999984741211,523900,49.40999984741211
2012-12-17,49.709999084472656,49.130001068115234,49.43000030517578,49.70000076293945,767600,49.70000076293945
2012-12-18,49.90999984741211,49.13999938964844,49.47999954223633,49.27000045776367,1097100,49.27000045776367
2012-12-19,49.43000030517578,48.41999816894531,49.41999816894531,48.70000076293945,858700,48.70000076293945
2012-12-20,49.040000915527344,48.529998779296875,48.77000045776367,49.02000045776367,794700,49.02000045776367
2012-12-21,49.0,48.2599983215332,48.59000015258789,48.88999938964844,1134400,48.88999938964844
2012-12-24,49.0,48.11000061035156,48.91999816894531,48.93000030517578,216700,48.93000030517578
2012-12-26,48.81999969482422,48.040000915527344,48.56999969482422,48.15999984741211,413500,48.15999984741211
2012-12-27,49.560001373291016,47.95000076293945,47.95000076293945,48.630001068115234,769800,48.630001068115234
2012-12-28,48.849998474121094,47.93000030517578,48.150001525878906,47.939998626708984,676600,47.939998626708984
2012-12-31,49.33000183105469,47.720001220703125,47.790000915527344,49.20000076293945,497400,49.20000076293945
2013-01-02,52.66999816894531,49.709999084472656,50.0,51.91999816894531,1654400,51.91999816894531
2013-01-03,53.45000076293945,51.25,52.20000076293945,52.16999816894531,1222000,52.16999816894531
2013-01-04,52.65999984741211,51.72999954223633,51.93000030517578,52.540000915527344,1081700,52.540000915527344
2013-01-07,52.40999984741211,51.2599983215332,52.029998779296875,52.13999938964844,1551500,52.13999938964844
2013-01-08,52.20000076293945,51.619998931884766,52.119998931884766,51.84000015258789,1096400,51.84000015258789
2013-01-09,52.290000915527344,51.7400016784668,52.06999969482422,51.93000030517578,726200,51.93000030517578
2013-01-10,52.18000030517578,51.41999816894531,52.06999969482422,51.790000915527344,686800,51.790000915527344
2013-01-11,52.0,51.33000183105469,51.66999816894531,51.560001373291016,1043400,51.560001373291016
2013-01-14,53.0,51.2599983215332,51.2599983215332,52.97999954223633,1264900,52.97999954223633
2013-01-15,53.84000015258789,52.2599983215332,52.59000015258789,53.7599983215332,1062000,53.7599983215332
2013-01-16,53.83000183105469,51.779998779296875,53.529998779296875,52.31999969482422,1500000,52.31999969482422
2013-01-17,53.83000183105469,52.029998779296875,52.599998474121094,53.560001373291016,1250500,53.560001373291016
2013-01-18,54.09000015258789,52.630001068115234,53.15999984741211,54.08000183105469,1941600,54.08000183105469
2013-01-22,55.45000076293945,54.20000076293945,55.0,55.220001220703125,1406900,55.220001220703125
2013-01-23,55.4900016784668,54.34000015258789,55.220001220703125,54.58000183105469,1237000,54.58000183105469
2013-01-24,55.08000183105469,53.83000183105469,54.560001373291016,54.880001068115234,1115000,54.880001068115234
2013-01-25,55.5099983215332,54.61000061035156,54.61000061035156,55.400001525878906,890500,55.400001525878906
2013-01-28,55.70000076293945,54.93000030517578,55.369998931884766,55.150001525878906,1250800,55.150001525878906
2013-01-29,55.16999816894531,53.58000183105469,55.060001373291016,54.79999923706055,2675100,54.79999923706055
2013-01-30,55.31999969482422,53.93000030517578,54.650001525878906,54.15999984741211,595900,54.15999984741211
2013-01-31,55.459999084472656,53.81999969482422,53.81999969482422,54.88999938964844,1197700,54.88999938964844
2013-02-01,56.709999084472656,54.88999938964844,54.88999938964844,56.0,1658000,56.0
2013-02-04,56.15999984741211,55.5099983215332,55.540000915527344,55.599998474121094,868500,55.599998474121094
2013-02-05,56.459999084472656,55.279998779296875,55.439998626708984,55.9900016784668,472400,55.9900016784668
2013-02-06,56.400001525878906,55.040000915527344,55.75,55.68000030517578,633300,55.68000030517578
2013-02-07,55.97999954223633,54.20000076293945,55.84000015258789,54.790000915527344,638100,54.790000915527344
2013-02-08,55.25,54.650001525878906,55.0099983215332,55.0099983215332,615200,55.0099983215332
2013-02-11,55.959999084472656,54.40999984741211,55.25,54.84000015258789,614400,54.84000015258789
2013-02-12,55.16999816894531,54.68000030517578,55.119998931884766,54.81999969482422,600200,54.81999969482422
2013-02-13,55.22999954223633,54.4900016784668,54.900001525878906,54.86000061035156,642900,54.86000061035156
2013-02-14,55.060001373291016,54.20000076293945,54.790000915527344,54.970001220703125,1153600,54.970001220703125
2013-02-15,56.439998626708984,54.70000076293945,54.95000076293945,56.279998779296875,1428000,56.279998779296875
2013-02-19,57.65999984741211,56.130001068115234,56.27000045776367,56.5099983215332,1355400,56.5099983215332
2013-02-20,56.61000061035156,55.119998931884766,56.29999923706055,55.16999816894531,1010000,55.16999816894531
2013-02-21,55.34000015258789,53.13999938964844,54.91999816894531,53.27000045776367,1795700,53.27000045776367
2013-02-22,56.209999084472656,53.349998474121094,53.349998474121094,56.099998474121094,2646800,56.099998474121094
2013-02-25,56.4900016784668,55.04999923706055,55.88999938964844,55.189998626708984,1280300,55.189998626708984
2013-02-26,56.13999938964844,54.959999084472656,55.2599983215332,55.91999816894531,1454100,55.91999816894531
2013-02-27,57.40999984741211,55.5099983215332,55.5099983215332,56.439998626708984,1209800,56.439998626708984
2013-02-28,58.33000183105469,56.5,56.54999923706055,57.970001220703125,1289900,57.970001220703125
2013-03-01,59.939998626708984,57.900001525878906,57.900001525878906,59.61000061035156,1902500,59.61000061035156
2013-03-04,60.59000015258789,59.11000061035156,59.540000915527344,60.369998931884766,1769700,60.369998931884766
2013-03-05,60.88999938964844,60.09000015258789,60.119998931884766,60.630001068115234,1240300,60.630001068115234
2013-03-06,61.63999938964844,60.29999923706055,61.08000183105469,61.25,1095000,61.25
2013-03-07,62.0,61.119998931884766,61.54999923706055,61.779998779296875,661100,61.779998779296875
2013-03-08,62.0099983215332,61.16999816894531,61.97999954223633,61.459999084472656,1334200,61.459999084472656
2013-03-11,62.06999969482422,60.959999084472656,61.459999084472656,61.04999923706055,1011700,61.04999923706055
2013-03-12,62.099998474121094,61.22999954223633,61.400001525878906,62.060001373291016,1502500,62.060001373291016
2013-03-13,62.0,60.83000183105469,62.0,61.470001220703125,1102300,61.470001220703125
2013-03-14,62.709999084472656,61.43000030517578,61.43000030517578,62.38999938964844,1081100,62.38999938964844
2013-03-15,62.959999084472656,61.040000915527344,62.09000015258789,61.25,2093100,61.25
2013-03-18,62.029998779296875,60.630001068115234,61.0,61.47999954223633,1073000,61.47999954223633
2013-03-19,62.279998779296875,60.380001068115234,61.5,60.7599983215332,1207900,60.7599983215332
2013-03-20,61.470001220703125,60.0,61.439998626708984,61.08000183105469,1558900,61.08000183105469
2013-03-21,61.189998626708984,59.5,61.040000915527344,59.849998474121094,1855500,59.849998474121094
2013-03-22,60.720001220703125,59.83000183105469,60.040000915527344,60.349998474121094,2444700,60.349998474121094
2013-03-25,61.099998474121094,59.95000076293945,60.779998779296875,60.70000076293945,1192800,60.70000076293945
2013-03-26,61.36000061035156,60.369998931884766,60.7599983215332,60.599998474121094,790700,60.599998474121094
2013-03-27,60.619998931884766,59.84000015258789,60.209999084472656,60.36000061035156,977700,60.36000061035156
2013-03-28,62.349998474121094,60.43000030517578,60.439998626708984,62.2599983215332,1606300,62.2599983215332
2013-04-01,63.56999969482422,61.150001525878906,62.470001220703125,61.59000015258789,1220700,61.59000015258789
2013-04-02,63.349998474121094,62.02000045776367,62.040000915527344,62.9900016784668,1303400,62.9900016784668
2013-04-03,63.470001220703125,60.779998779296875,63.45000076293945,61.2400016784668,977500,61.2400016784668
2013-04-04,61.9900016784668,60.27000045776367,61.83000183105469,60.900001525878906,852200,60.900001525878906
2013-04-05,62.0,60.0,60.11000061035156,61.720001220703125,990500,61.720001220703125
2013-04-08,62.22999954223633,60.84000015258789,61.599998474121094,62.150001525878906,668500,62.150001525878906
2013-04-09,62.880001068115234,61.93000030517578,62.209999084472656,62.5,739600,62.5
2013-04-10,64.2699966430664,62.45000076293945,62.68000030517578,64.2699966430664,1134700,64.2699966430664
2013-04-11,64.86000061035156,63.5,63.970001220703125,63.68000030517578,1322600,63.68000030517578
2013-04-12,64.94999694824219,63.33000183105469,63.40999984741211,64.70999908447266,896100,64.70999908447266
2013-04-15,64.9800033569336,63.11000061035156,64.51000213623047,63.209999084472656,1235200,63.209999084472656
2013-04-16,64.83999633789062,63.470001220703125,63.939998626708984,64.66000366210938,1291700,64.66000366210938
2013-04-17,64.20999908447266,63.150001525878906,63.959999084472656,63.68000030517578,888400,63.68000030517578
2013-04-18,64.81999969482422,62.34000015258789,64.81999969482422,62.790000915527344,822100,62.790000915527344
2013-04-19,65.44000244140625,62.779998779296875,63.13999938964844,65.44000244140625,1311300,65.44000244140625
2013-04-22,66.12999725341797,64.7699966430664,65.20999908447266,65.52999877929688,932100,65.52999877929688
2013-04-23,66.62999725341797,64.56999969482422,65.80999755859375,65.0199966430664,924200,65.0199966430664
2013-04-24,64.68000030517578,62.2599983215332,64.38999938964844,62.29999923706055,1466900,62.29999923706055
2013-04-25,64.97000122070312,62.2599983215332,62.939998626708984,62.869998931884766,1910300,62.869998931884766
2013-04-26,64.69999694824219,62.099998474121094,62.099998474121094,63.18000030517578,1325200,63.18000030517578
2013-04-29,65.47000122070312,63.130001068115234,63.130001068115234,64.41999816894531,1139600,64.41999816894531
2013-04-30,65.62000274658203,63.25,63.290000915527344,65.5999984741211,1108600,65.5999984741211
2013-05-01,65.38999938964844,63.63999938964844,65.0,63.68000030517578,1144700,63.68000030517578
2013-05-02,65.79000091552734,63.689998626708984,63.900001525878906,65.79000091552734,968400,65.79000091552734
2013-05-03,67.95999908447266,66.26000213623047,66.69000244140625,66.70999908447266,1581900,66.70999908447266
2013-05-06,67.1500015258789,66.05999755859375,66.77999877929688,66.62000274658203,1028600,66.62000274658203
2013-05-07,67.16999816894531,65.08000183105469,67.1500015258789,65.41000366210938,1442400,65.41000366210938
2013-05-08,66.16000366210938,64.8499984741211,65.22000122070312,65.31999969482422,875100,65.31999969482422
2013-05-09,66.72000122070312,65.06999969482422,65.19999694824219,66.41000366210938,1161900,66.41000366210938
2013-05-10,67.72000122070312,66.19000244140625,66.58000183105469,67.68000030517578,767800,67.68000030517578
2013-05-13,69.98999786376953,67.68000030517578,67.8499984741211,68.8499984741211,1354300,68.8499984741211
2013-05-14,71.55999755859375,68.55000305175781,68.76000213623047,70.30000305175781,1702400,70.30000305175781
2013-05-15,70.30000305175781,67.41000366210938,69.98999786376953,67.80999755859375,1863700,67.80999755859375
2013-05-16,68.26000213623047,63.349998474121094,67.95999908447266,64.5,2813300,64.5
2013-05-17,65.30000305175781,63.29999923706055,64.58000183105469,64.01000213623047,1459700,64.01000213623047
2013-05-20,64.47000122070312,62.41999816894531,63.90999984741211,62.43000030517578,1345300,62.43000030517578
2013-05-21,65.11000061035156,62.709999084472656,63.369998931884766,65.0,1806200,65.0
2013-05-22,69.79000091552734,64.94000244140625,65.66999816894531,65.55000305175781,2177900,65.55000305175781
2013-05-23,66.4000015258789,63.099998474121094,64.66999816894531,65.76000213623047,962200,65.76000213623047
2013-05-24,65.70999908447266,64.0999984741211,65.70999908447266,64.38999938964844,954200,64.38999938964844
2013-05-28,65.94999694824219,64.63999938964844,65.13999938964844,65.61000061035156,1721000,65.61000061035156
2013-05-29,65.72000122070312,63.45000076293945,65.20999908447266,64.45999908447266,974600,64.45999908447266
2013-05-30,64.30999755859375,63.150001525878906,63.97999954223633,63.849998474121094,1505100,63.849998474121094
2013-05-31,63.9900016784668,62.09000015258789,63.66999816894531,62.70000076293945,7295400,62.70000076293945
2013-06-03,62.02000045776367,56.540000915527344,62.0,59.779998779296875,4431400,59.779998779296875
2013-06-04,62.72999954223633,59.08000183105469,60.43000030517578,59.81999969482422,3221700,59.81999969482422
2013-06-05,60.15999984741211,57.61000061035156,59.529998779296875,57.66999816894531,1457600,57.66999816894531
2013-06-06,59.0,57.029998779296875,57.83000183105469,59.0,1901300,59.0
2013-06-07,59.880001068115234,58.77000045776367,59.02000045776367,58.93000030517578,1106300,58.93000030517578
2013-06-10,59.25,57.75,59.220001220703125,58.040000915527344,972700,58.040000915527344
2013-06-11,58.97999954223633,57.060001373291016,57.880001068115234,58.790000915527344,1222800,58.790000915527344
2013-06-12,59.380001068115234,57.439998626708984,59.150001525878906,57.47999954223633,1030400,57.47999954223633
2013-06-13,59.040000915527344,57.0099983215332,57.2599983215332,58.970001220703125,846900,58.970001220703125
2013-06-14,59.34000015258789,58.06999969482422,58.790000915527344,58.13999938964844,1112700,58.13999938964844
2013-06-17,59.20000076293945,57.88999938964844,58.75,58.16999816894531,1000100,58.16999816894531
2013-06-18,58.779998779296875,57.209999084472656,58.04999923706055,58.310001373291016,835900,58.310001373291016
2013-06-19,58.599998474121094,57.15999984741211,58.29999923706055,57.209999084472656,652700,57.209999084472656
2013-06-20,56.86000061035156,54.88999938964844,56.40999984741211,55.16999816894531,1815800,55.16999816894531
2013-06-21,56.439998626708984,55.279998779296875,55.61000061035156,55.599998474121094,2576500,55.599998474121094
2013-06-24,55.400001525878906,53.529998779296875,54.880001068115234,54.720001220703125,1157800,54.720001220703125
2013-06-25,55.83000183105469,54.5,55.22999954223633,55.720001220703125,925100,55.720001220703125
2013-06-26,57.34000015258789,55.86000061035156,56.33000183105469,57.09000015258789,1458800,57.09000015258789
2013-06-27,57.66999816894531,56.2400016784668,57.43000030517578,56.709999084472656,787400,56.709999084472656
2013-06-28,56.810001373291016,55.650001525878906,56.59000015258789,55.7400016784668,2063600,55.7400016784668
2013-07-01,61.209999084472656,56.310001373291016,56.689998626708984,59.439998626708984,2859600,59.439998626708984
2013-07-02,60.209999084472656,58.540000915527344,59.20000076293945,59.720001220703125,1095500,59.720001220703125
2013-07-03,59.939998626708984,58.27000045776367,59.41999816894531,59.34000015258789,822700,59.34000015258789
2013-07-05,59.86000061035156,58.880001068115234,59.47999954223633,59.630001068115234,790500,59.630001068115234
2013-07-08,60.0099983215332,58.40999984741211,59.75,58.63999938964844,728000,58.63999938964844
2013-07-09,59.7400016784668,58.36000061035156,58.90999984741211,59.439998626708984,848000,59.439998626708984
2013-07-10,60.650001525878906,59.04999923706055,59.619998931884766,60.54999923706055,910400,60.54999923706055
2013-07-11,61.310001373291016,59.59000015258789,61.209999084472656,60.29999923706055,1171400,60.29999923706055
2013-07-12,65.75,60.2400016784668,60.290000915527344,64.80999755859375,3210600,64.80999755859375
2013-07-15,64.97000122070312,62.869998931884766,64.97000122070312,64.0199966430664,1220400,64.0199966430664
2013-07-16,64.08999633789062,62.09000015258789,63.810001373291016,62.83000183105469,1579500,62.83000183105469
2013-07-17,63.38999938964844,62.41999816894531,62.869998931884766,62.63999938964844,566500,62.63999938964844
2013-07-18,63.52000045776367,62.459999084472656,63.02000045776367,63.119998931884766,709500,63.119998931884766
2013-07-19,65.05999755859375,62.689998626708984,62.689998626708984,64.7300033569336,1068200,64.7300033569336
2013-07-22,65.22000122070312,63.86000061035156,64.47000122070312,64.63999938964844,738200,64.63999938964844
2013-07-23,64.98999786376953,63.0,64.66000366210938,63.16999816894531,769600,63.16999816894531
2013-07-24,64.62999725341797,62.59000015258789,63.400001525878906,63.2599983215332,586600,63.2599983215332
2013-07-25,64.22000122070312,62.060001373291016,63.27000045776367,63.81999969482422,989800,63.81999969482422
2013-07-26,64.77999877929688,62.0099983215332,62.959999084472656,63.90999984741211,843800,63.90999984741211
2013-07-29,64.1500015258789,62.31999969482422,63.400001525878906,62.40999984741211,794000,62.40999984741211
2013-07-30,65.5,61.709999084472656,62.95000076293945,64.12999725341797,2036500,64.12999725341797
2013-07-31,65.02999877929688,63.849998474121094,64.66000366210938,64.6500015258789,1018900,64.6500015258789
2013-08-01,65.16000366210938,63.959999084472656,64.6500015258789,64.66999816894531,875600,64.66999816894531
2013-08-02,64.94000244140625,64.0199966430664,64.63999938964844,64.45999908447266,581000,64.45999908447266
2013-08-05,64.69999694824219,64.06999969482422,64.43000030517578,64.43000030517578,707800,64.43000030517578
2013-08-06,64.43000030517578,62.61000061035156,64.4000015258789,62.619998931884766,743300,62.619998931884766
2013-08-07,64.01000213623047,62.27000045776367,62.33000183105469,63.34000015258789,880100,63.34000015258789
2013-08-08,64.29000091552734,62.91999816894531,64.0999984741211,63.29999923706055,627000,63.29999923706055
2013-08-09,64.9800033569336,63.380001068115234,63.400001525878906,64.25,816800,64.25
2013-08-12,64.94000244140625,63.83000183105469,64.25,64.61000061035156,718500,64.61000061035156
2013-08-13,64.87999725341797,63.84000015258789,64.61000061035156,64.7699966430664,622500,64.7699966430664
2013-08-14,67.04000091552734,64.77999877929688,64.9800033569336,65.94000244140625,2189600,65.94000244140625
2013-08-15,65.88999938964844,63.5099983215332,65.41000366210938,63.83000183105469,742200,63.83000183105469
2013-08-16,64.18000030517578,63.04999923706055,63.790000915527344,63.33000183105469,501300,63.33000183105469
2013-08-19,64.05000305175781,62.41999816894531,63.099998474121094,62.779998779296875,466500,62.779998779296875
2013-08-20,63.9900016784668,62.459999084472656,62.84000015258789,63.849998474121094,912100,63.849998474121094
2013-08-21,65.13999938964844,63.619998931884766,63.7400016784668,64.51000213623047,447600,64.51000213623047
2013-08-22,65.6500015258789,64.01000213623047,64.69999694824219,65.25,452300,65.25
2013-08-23,65.48999786376953,64.13999938964844,65.47000122070312,64.73999786376953,352500,64.73999786376953
2013-08-26,66.66999816894531,64.86000061035156,65.18000030517578,65.62999725341797,789600,65.62999725341797
2013-08-27,65.33000183105469,63.790000915527344,64.88999938964844,64.18000030517578,634300,64.18000030517578
2013-08-28,64.93000030517578,63.630001068115234,64.0,64.72000122070312,548100,64.72000122070312
2013-08-29,66.05000305175781,64.51000213623047,64.72000122070312,65.8499984741211,493600,65.8499984741211
2013-08-30,65.8499984741211,65.0999984741211,65.61000061035156,65.47000122070312,982000,65.47000122070312
2013-09-03,68.06999969482422,66.05000305175781,66.5,68.05999755859375,1071300,68.05999755859375
2013-09-04,69.55999755859375,68.06999969482422,68.16000366210938,69.45999908447266,2412100,69.45999908447266
2013-09-05,70.8499984741211,69.4800033569336,69.55000305175781,70.80000305175781,1566000,70.80000305175781
2013-09-06,72.94000244140625,70.0999984741211,70.87999725341797,72.69999694824219,1746900,72.69999694824219
2013-09-09,76.16000366210938,72.48999786376953,72.5,76.08000183105469,2759600,76.08000183105469
2013-09-10,76.33999633789062,72.91000366210938,76.25,74.43000030517578,3373300,74.43000030517578
2013-09-11,74.63999938964844,70.16999816894531,74.63999938964844,71.44000244140625,2359000,71.44000244140625
2013-09-12,71.98999786376953,70.97000122070312,71.33999633789062,71.3499984741211,1504500,71.3499984741211
2013-09-13,71.37000274658203,69.7300033569336,71.30000305175781,70.7699966430664,1731100,70.7699966430664
2013-09-16,73.43000030517578,72.2300033569336,72.54000091552734,73.4000015258789,2136600,73.4000015258789
2013-09-17,76.30000305175781,73.38999938964844,73.5999984741211,75.95999908447266,2843100,75.95999908447266
2013-09-18,78.83000183105469,75.08000183105469,77.25,77.48999786376953,3190400,77.48999786376953
2013-09-19,80.66999816894531,78.20999908447266,80.29000091552734,78.38999938964844,8144100,78.38999938964844
2013-09-20,78.9000015258789,76.66000366210938,78.52999877929688,76.94999694824219,2545200,76.94999694824219
2013-09-23,77.19000244140625,73.12000274658203,76.75,73.69999694824219,2260300,73.69999694824219
2013-09-24,74.62999725341797,73.2699966430664,73.69999694824219,73.61000061035156,1192900,73.61000061035156
2013-09-25,73.80999755859375,72.68000030517578,73.58999633789062,72.72000122070312,966700,72.72000122070312
2013-09-26,75.22000122070312,73.26000213623047,73.48999786376953,74.12999725341797,1294900,74.12999725341797
2013-09-27,74.5999984741211,73.6500015258789,74.37999725341797,74.08999633789062,1255100,74.08999633789062
2013-09-30,73.88999938964844,72.08999633789062,73.66000366210938,72.16999816894531,1329300,72.16999816894531
2013-10-01,76.0199966430664,72.41000366210938,72.41000366210938,75.91999816894531,2023300,75.91999816894531
2013-10-02,75.54000091552734,74.30999755859375,75.08999633789062,75.08999633789062,1109300,75.08999633789062
2013-10-03,75.08000183105469,72.7699966430664,74.70999908447266,73.69999694824219,1263200,73.69999694824219
2013-10-04,74.79000091552734,73.66000366210938,73.80999755859375,73.81999969482422,665200,73.81999969482422
2013-10-07,73.77999877929688,72.23999786376953,73.16000366210938,72.33000183105469,812000,72.33000183105469
2013-10-08,71.94999694824219,67.25,71.94999694824219,67.25,3050900,67.25
2013-10-09,69.19999694824219,65.0,68.02999877929688,65.0,3817500,65.0
2013-10-10,68.87000274658203,65.66999816894531,66.05999755859375,68.55000305175781,4681200,68.55000305175781
2013-10-11,68.69000244140625,66.80000305175781,68.6500015258789,67.7300033569336,1562600,67.7300033569336
2013-10-14,68.44000244140625,66.3499984741211,66.76000213623047,68.08000183105469,1099900,68.08000183105469
2013-10-15,68.30000305175781,66.33999633789062,68.2699966430664,66.38999938964844,1318600,66.38999938964844
2013-10-16,68.97000122070312,66.88999938964844,66.98999786376953,68.97000122070312,1879200,68.97000122070312
2013-10-17,68.75,67.69999694824219,68.55000305175781,68.18000030517578,1193400,68.18000030517578
2013-10-18,68.22000122070312,65.08999633789062,68.16000366210938,66.36000061035156,2042600,66.36000061035156
2013-10-21,67.02999877929688,65.69000244140625,66.27999877929688,66.69000244140625,1314000,66.69000244140625
2013-10-22,67.5199966430664,66.4000015258789,67.0999984741211,67.33000183105469,1637200,67.33000183105469
2013-10-23,67.83000183105469,66.8499984741211,66.87000274658203,67.66999816894531,1790300,67.66999816894531
2013-10-24,69.51000213623047,67.80999755859375,67.80999755859375,68.95999908447266,1816500,68.95999908447266
2013-10-25,68.0,65.5999984741211,67.58000183105469,66.23999786376953,3105900,66.23999786376953
2013-10-28,67.0,65.97000122070312,66.44999694824219,66.94999694824219,1596700,66.94999694824219
2013-10-29,67.05999755859375,65.2699966430664,66.9800033569336,65.5999984741211,1279200,65.5999984741211
2013-10-30,65.91999816894531,63.099998474121094,65.62999725341797,63.5,1846000,63.5
2013-10-31,63.959999084472656,61.83000183105469,63.709999084472656,62.880001068115234,2290600,62.880001068115234
2013-11-01,63.29999923706055,61.59000015258789,63.15999984741211,62.279998779296875,1670300,62.279998779296875
2013-11-04,63.43000030517578,62.029998779296875,62.220001220703125,62.869998931884766,1380200,62.869998931884766
2013-11-05,63.0,61.650001525878906,62.970001220703125,62.209999084472656,1183400,62.209999084472656
2013-11-06,62.95000076293945,59.869998931884766,62.849998474121094,60.189998626708984,2370300,60.189998626708984
2013-11-07,61.099998474121094,58.650001525878906,60.43000030517578,59.29999923706055,1978100,59.29999923706055
2013-11-08,61.720001220703125,60.040000915527344,61.0,61.470001220703125,2349900,61.470001220703125
2013-11-11,62.959999084472656,60.959999084472656,61.529998779296875,62.0,2284600,62.0
2013-11-12,62.029998779296875,59.560001373291016,61.040000915527344,61.970001220703125,2837000,61.970001220703125
2013-11-13,64.62999725341797,61.060001373291016,61.560001373291016,64.19000244140625,3077800,64.19000244140625
2013-11-14,65.4800033569336,63.880001068115234,64.68000030517578,64.33000183105469,2004700,64.33000183105469
2013-11-15,70.16999816894531,63.869998931884766,63.9900016784668,69.29000091552734,4856400,69.29000091552734
2013-11-18,70.13999938964844,66.0999984741211,69.3499984741211,66.91000366210938,2062900,66.91000366210938
2013-11-19,66.91000366210938,66.91000366210938,66.91000366210938,66.91000366210938,0,66.91000366210938
2013-11-20,71.76000213623047,68.5,70.0,69.13999938964844,4402400,69.13999938964844
2013-11-21,71.0,69.33999633789062,69.5,70.81999969482422,1494600,70.81999969482422
2013-11-22,72.06999969482422,70.7300033569336,71.02999877929688,71.04000091552734,1706700,71.04000091552734
2013-11-25,71.87000274658203,70.56999969482422,71.26000213623047,70.61000061035156,1526200,70.61000061035156
2013-11-26,71.12999725341797,70.0999984741211,70.91999816894531,70.52999877929688,1860400,70.52999877929688
2013-11-27,71.08999633789062,69.05000305175781,71.0,70.7300033569336,962900,70.7300033569336
2013-11-29,70.83999633789062,70.13999938964844,70.83999633789062,70.43000030517578,554400,70.43000030517578
2013-12-02,70.75,69.79000091552734,70.52999877929688,70.16999816894531,1176000,70.16999816894531
2013-12-03,70.75,69.25,69.83000183105469,70.02999877929688,1158000,70.02999877929688
2013-12-04,70.31999969482422,69.01000213623047,69.37999725341797,70.02999877929688,810900,70.02999877929688
2013-12-05,70.16000366210938,69.31999969482422,70.08000183105469,69.62000274658203,991600,69.62000274658203
2013-12-06,70.7300033569336,69.0999984741211,70.19000244140625,70.16000366210938,657600,70.16000366210938
2013-12-09,70.9000015258789,69.45999908447266,70.0,70.0,811900,70.0
2013-12-10,70.2300033569336,68.12000274658203,70.02999877929688,69.0199966430664,849900,69.0199966430664
2013-12-11,69.30000305175781,67.63999938964844,69.0199966430664,67.83000183105469,973500,67.83000183105469
2013-12-12,68.7300033569336,67.6500015258789,67.93000030517578,68.22000122070312,850200,68.22000122070312
2013-12-13,69.68000030517578,68.02999877929688,68.61000061035156,69.52999877929688,978900,69.52999877929688
2013-12-16,71.5,68.97000122070312,69.76000213623047,69.20999908447266,920600,69.20999908447266
2013-12-17,69.83000183105469,68.02999877929688,69.4000015258789,68.08999633789062,883500,68.08999633789062
2013-12-18,69.05999755859375,67.11000061035156,68.4800033569336,68.76000213623047,1085900,68.76000213623047
2013-12-19,69.30000305175781,67.97000122070312,68.18000030517578,68.36000061035156,597700,68.36000061035156
2013-12-20,69.19999694824219,67.83999633789062,68.25,68.86000061035156,1456300,68.86000061035156
2013-12-23,69.4800033569336,68.56999969482422,69.44999694824219,69.20999908447266,744200,69.20999908447266
2013-12-24,69.36000061035156,68.26000213623047,68.94999694824219,69.19999694824219,332200,69.19999694824219
2013-12-26,69.94000244140625,68.68000030517578,69.31999969482422,69.7300033569336,542800,69.7300033569336
2013-12-27,70.0,69.01000213623047,69.8499984741211,69.25,375200,69.25
2013-12-30,69.61000061035156,68.51000213623047,69.36000061035156,69.31999969482422,393400,69.31999969482422
2013-12-31,70.55999755859375,68.87000274658203,69.47000122070312,70.3499984741211,595200,70.3499984741211
2014-01-02,70.19999694824219,68.48999786376953,70.11000061035156,69.2699966430664,671400,69.2699966430664
2014-01-03,70.0,68.75,69.58999633789062,69.08999633789062,458000,69.08999633789062
2014-01-06,69.75,66.72000122070312,69.75,67.0999984741211,1246800,67.0999984741211
2014-01-07,68.97000122070312,67.25,67.86000061035156,68.54000091552734,629200,68.54000091552734
2014-01-08,69.9000015258789,67.5199966430664,68.75,69.79000091552734,751300,69.79000091552734
2014-01-09,71.37999725341797,69.2699966430664,69.98999786376953,70.18000030517578,1140400,70.18000030517578
2014-01-10,70.06999969482422,68.30999755859375,69.25,69.81999969482422,938000,69.81999969482422
2014-01-13,71.88999938964844,68.0199966430664,69.97000122070312,68.63999938964844,1386700,68.63999938964844
2014-01-14,71.3499984741211,68.51000213623047,69.88999938964844,71.33999633789062,915800,71.33999633789062
2014-01-15,72.52999877929688,71.12000274658203,71.37000274658203,71.7300033569336,1402400,71.7300033569336
2014-01-16,72.9000015258789,70.83000183105469,71.75,72.66000366210938,859900,72.66000366210938
2014-01-17,73.93000030517578,72.58000183105469,72.69999694824219,73.44999694824219,1012000,73.44999694824219
2014-01-21,74.0,72.26000213623047,73.91999816894531,73.9800033569336,691400,73.9800033569336
2014-01-22,74.3499984741211,72.61000061035156,74.0,73.2699966430664,704700,73.2699966430664
2014-01-23,73.87999725341797,71.73999786376953,72.86000061035156,73.75,671400,73.75
2014-01-24,73.13999938964844,70.8499984741211,72.16000366210938,70.8499984741211,820400,70.8499984741211
2014-01-27,71.7699966430664,67.80000305175781,71.7699966430664,69.01000213623047,1095500,69.01000213623047
2014-01-28,69.58999633789062,66.9000015258789,69.0199966430664,68.29000091552734,1668000,68.29000091552734
2014-01-29,68.22000122070312,66.72000122070312,67.48999786376953,67.51000213623047,860800,67.51000213623047
2014-01-30,69.83000183105469,67.94999694824219,68.44999694824219,69.55000305175781,1212400,69.55000305175781
2014-01-31,69.5199966430664,68.2300033569336,68.44999694824219,68.87999725341797,1005100,68.87999725341797
2014-02-03,69.58999633789062,66.81999969482422,68.88999938964844,67.18000030517578,1179500,67.18000030517578
2014-02-04,68.80000305175781,67.25,67.4000015258789,68.13999938964844,1016000,68.13999938964844
2014-02-05,67.98999786376953,65.30999755859375,67.94000244140625,66.33999633789062,1369700,66.33999633789062
2014-02-06,66.9000015258789,64.61000061035156,66.75,64.98999786376953,1189600,64.98999786376953
2014-02-07,67.55999755859375,65.01000213623047,65.16999816894531,67.33000183105469,1227300,67.33000183105469
2014-02-10,70.12000274658203,67.26000213623047,67.61000061035156,70.06999969482422,1097400,70.06999969482422
2014-02-11,71.55000305175781,69.80999755859375,70.06999969482422,70.83000183105469,1329100,70.83000183105469
2014-02-12,73.80000305175781,70.70999908447266,71.06999969482422,73.01000213623047,1435200,73.01000213623047
2014-02-13,75.9800033569336,72.44999694824219,72.56999969482422,75.93000030517578,1365100,75.93000030517578
2014-02-14,77.0,74.11000061035156,75.95999908447266,75.80999755859375,1936400,75.80999755859375
2014-02-18,77.0,73.63999938964844,77.0,76.38999938964844,1798400,76.38999938964844
2014-02-19,76.88999938964844,75.33999633789062,76.5,76.3499984741211,1269100,76.3499984741211
2014-02-20,80.55999755859375,76.52999877929688,76.63999938964844,80.12999725341797,4024600,80.12999725341797
2014-02-21,82.08999633789062,79.75,80.16000366210938,81.5199966430664,2192600,81.5199966430664
2014-02-24,82.9800033569336,81.30999755859375,81.63999938964844,82.06999969482422,2658200,82.06999969482422
2014-02-25,82.88999938964844,81.01000213623047,81.86000061035156,82.18000030517578,1588600,82.18000030517578
2014-02-26,83.30999755859375,81.52999877929688,81.5999984741211,82.55999755859375,1032600,82.55999755859375
2014-02-27,84.25,79.86000061035156,82.30999755859375,83.27999877929688,1668200,83.27999877929688
2014-02-28,83.91999816894531,79.69999694824219,83.30000305175781,81.0,2353800,81.0
2014-03-03,81.44000244140625,79.16999816894531,80.19000244140625,79.72000122070312,1164700,79.72000122070312
2014-03-04,82.1500015258789,80.01000213623047,80.01000213623047,80.81999969482422,954300,80.81999969482422
2014-03-05,79.9000015258789,78.58000183105469,79.79000091552734,79.27999877929688,2512500,79.27999877929688
2014-03-06,79.9000015258789,76.88999938964844,79.51000213623047,77.20999908447266,1854100,77.20999908447266
2014-03-07,78.05000305175781,73.3499984741211,77.80000305175781,77.23999786376953,3003700,77.23999786376953
2014-03-10,77.43000030517578,75.04000091552734,77.30000305175781,77.19999694824219,852500,77.19999694824219
2014-03-11,78.33000183105469,76.52999877929688,77.33000183105469,77.44999694824219,1090700,77.44999694824219
2014-03-12,79.2300033569336,76.86000061035156,77.2300033569336,78.44999694824219,982000,78.44999694824219
2014-03-13,78.7300033569336,77.19000244140625,78.26000213623047,77.80000305175781,1189600,77.80000305175781
2014-03-14,78.87999725341797,76.87000274658203,77.37000274658203,77.3499984741211,1001700,77.3499984741211
2014-03-17,79.66999816894531,77.77999877929688,78.06999969482422,78.69999694824219,998800,78.69999694824219
2014-03-18,82.0,78.69999694824219,79.06999969482422,81.19000244140625,1221700,81.19000244140625
2014-03-19,81.9800033569336,79.58000183105469,81.0,79.69999694824219,1069400,79.69999694824219
2014-03-20,79.98999786376953,78.08999633789062,79.16000366210938,78.56999969482422,1187600,78.56999969482422
2014-03-21,78.80999755859375,73.19000244140625,78.69999694824219,73.93000030517578,3468500,73.93000030517578
2014-03-24,74.80000305175781,70.83000183105469,74.02999877929688,73.70999908447266,2240600,73.70999908447266
2014-03-25,74.51000213623047,68.91000366210938,73.0999984741211,72.05000305175781,3210200,72.05000305175781
2014-03-26,73.23999786376953,69.83000183105469,72.73999786376953,69.98999786376953,1536300,69.98999786376953
2014-03-27,69.91000366210938,67.62000274658203,69.83999633789062,68.91000366210938,2466300,68.91000366210938
2014-03-28,69.69000244140625,65.48999786376953,69.37999725341797,66.26000213623047,1901300,66.26000213623047
2014-03-31,68.22000122070312,66.08000183105469,66.66000366210938,68.20999908447266,1615500,68.20999908447266
2014-04-01,70.41999816894531,67.63999938964844,68.52999877929688,68.61000061035156,1190400,68.61000061035156
2014-04-02,69.80000305175781,67.41000366210938,69.23999786376953,68.19000244140625,927400,68.19000244140625
2014-04-03,68.08000183105469,65.3499984741211,67.86000061035156,66.02999877929688,1998900,66.02999877929688
2014-04-04,66.80999755859375,62.349998474121094,66.72000122070312,63.34000015258789,2062900,63.34000015258789
2014-04-07,63.939998626708984,61.7599983215332,63.29999923706055,63.189998626708984,2653600,63.189998626708984
2014-04-08,64.27999877929688,61.7400016784668,63.0,63.099998474121094,1636600,63.099998474121094
2014-04-09,66.04000091552734,63.11000061035156,63.16999816894531,65.80000305175781,1532000,65.80000305175781
2014-04-10,65.79000091552734,60.61000061035156,65.69999694824219,61.290000915527344,1768400,61.290000915527344
2014-04-11,61.9900016784668,57.029998779296875,60.54999923706055,57.25,2869300,57.25
2014-04-14,59.880001068115234,56.45000076293945,58.86000061035156,57.369998931884766,2113000,57.369998931884766
2014-04-15,58.56999969482422,55.040000915527344,57.439998626708984,58.209999084472656,2091100,58.209999084472656
2014-04-16,61.45000076293945,58.290000915527344,58.7400016784668,61.369998931884766,2129800,61.369998931884766
2014-04-17,62.61000061035156,60.5,61.400001525878906,60.88999938964844,1838800,60.88999938964844
2014-04-21,61.40999984741211,59.970001220703125,60.970001220703125,61.34000015258789,1284600,61.34000015258789
2014-04-22,63.41999816894531,61.810001373291016,62.84000015258789,61.9900016784668,2592300,61.9900016784668
2014-04-23,62.959999084472656,58.91999816894531,62.470001220703125,59.189998626708984,2023300,59.189998626708984
2014-04-24,60.77000045776367,57.33000183105469,60.13999938964844,59.22999954223633,1544000,59.22999954223633
2014-04-25,59.81999969482422,56.66999816894531,58.56999969482422,57.09000015258789,1261100,57.09000015258789
2014-04-28,58.61000061035156,55.79999923706055,57.61000061035156,57.4900016784668,1319900,57.4900016784668
2014-04-29,58.939998626708984,57.16999816894531,58.06999969482422,58.41999816894531,1586200,58.41999816894531
2014-04-30,58.400001525878906,56.61000061035156,58.29999923706055,58.22999954223633,1357600,58.22999954223633
2014-05-01,61.04999923706055,57.02000045776367,57.88999938964844,60.310001373291016,2227600,60.310001373291016
2014-05-02,60.20000076293945,55.5,58.0,57.70000076293945,3567800,57.70000076293945
2014-05-05,60.22999954223633,57.220001220703125,57.54999923706055,60.130001068115234,1914200,60.130001068115234
2014-05-06,60.369998931884766,58.4900016784668,59.72999954223633,58.79999923706055,1014200,58.79999923706055
2014-05-07,59.400001525878906,56.650001525878906,59.400001525878906,58.4900016784668,930000,58.4900016784668
2014-05-08,59.13999938964844,56.4900016784668,58.52000045776367,56.779998779296875,993800,56.779998779296875
2014-05-09,59.040000915527344,56.16999816894531,57.150001525878906,58.540000915527344,1362300,58.540000915527344
2014-05-12,60.099998474121094,58.380001068115234,58.5,59.29999923706055,1042900,59.29999923706055
2014-05-13,59.79999923706055,57.279998779296875,59.189998626708984,57.439998626708984,1112900,57.439998626708984
2014-05-14,59.08000183105469,56.369998931884766,57.29999923706055,58.439998626708984,1299800,58.439998626708984
2014-05-15,58.68000030517578,56.369998931884766,58.68000030517578,57.439998626708984,830000,57.439998626708984
2014-05-16,57.84000015258789,56.0,57.029998779296875,57.59000015258789,1072400,57.59000015258789
2014-05-19,58.47999954223633,56.5,57.369998931884766,57.650001525878906,829500,57.650001525878906
2014-05-20,57.79999923706055,56.09000015258789,57.79999923706055,56.150001525878906,784500,56.150001525878906
2014-05-21,57.0,55.68000030517578,56.959999084472656,56.16999816894531,643400,56.16999816894531
2014-05-22,57.310001373291016,56.0,56.16999816894531,56.20000076293945,3745800,56.20000076293945
2014-05-23,56.849998474121094,55.86000061035156,56.22999954223633,56.47999954223633,2098800,56.47999954223633
2014-05-27,57.400001525878906,56.2400016784668,57.0,57.119998931884766,2103800,57.119998931884766
2014-05-28,57.9900016784668,56.90999984741211,57.4900016784668,57.34000015258789,1351100,57.34000015258789
2014-05-29,58.380001068115234,57.20000076293945,57.47999954223633,57.5,1481000,57.5
2014-05-30,58.060001373291016,56.720001220703125,57.31999969482422,57.959999084472656,1010000,57.959999084472656
2014-06-02,58.459999084472656,57.08000183105469,58.119998931884766,58.0,759000,58.0
2014-06-03,62.029998779296875,57.2599983215332,57.77000045776367,61.58000183105469,2148800,61.58000183105469
2014-06-04,63.2400016784668,60.93000030517578,61.689998626708984,63.099998474121094,1662700,63.099998474121094
2014-06-05,64.23999786376953,62.529998779296875,63.099998474121094,63.33000183105469,1744600,63.33000183105469
2014-06-06,64.19999694824219,61.34000015258789,63.33000183105469,61.7400016784668,3671300,61.7400016784668
2014-06-09,63.099998474121094,61.40999984741211,63.0,61.5099983215332,1885600,61.5099983215332
2014-06-10,62.459999084472656,60.689998626708984,61.650001525878906,61.599998474121094,950100,61.599998474121094
2014-06-11,62.43000030517578,60.900001525878906,61.25,61.560001373291016,1060500,61.560001373291016
2014-06-12,62.54999923706055,61.27000045776367,62.029998779296875,61.779998779296875,929500,61.779998779296875
2014-06-13,62.0,60.630001068115234,62.0,61.09000015258789,560700,61.09000015258789
2014-06-16,61.70000076293945,60.20000076293945,60.79999923706055,60.5,814900,60.5
2014-06-17,60.93000030517578,59.38999938964844,60.540000915527344,60.529998779296875,782200,60.529998779296875
2014-06-18,62.810001373291016,60.529998779296875,60.529998779296875,62.65999984741211,1456100,62.65999984741211
2014-06-19,63.5,62.220001220703125,62.79999923706055,62.40999984741211,980300,62.40999984741211
2014-06-20,67.11000061035156,62.61000061035156,62.7400016784668,66.08999633789062,2941600,66.08999633789062
2014-06-23,66.30000305175781,64.04000091552734,65.36000061035156,64.23999786376953,1068300,64.23999786376953
2014-06-24,65.0,62.689998626708984,64.83000183105469,62.790000915527344,899600,62.790000915527344
2014-06-25,63.9900016784668,62.38999938964844,63.47999954223633,62.560001373291016,672200,62.560001373291016
2014-06-26,62.939998626708984,61.310001373291016,62.45000076293945,62.689998626708984,542000,62.689998626708984
2014-06-27,62.939998626708984,61.65999984741211,62.65999984741211,62.83000183105469,892500,62.83000183105469
2014-06-30,63.27000045776367,62.060001373291016,62.66999816894531,62.209999084472656,582700,62.209999084472656
2014-07-01,63.81999969482422,62.349998474121094,62.70000076293945,63.66999816894531,666400,63.66999816894531
2014-07-02,65.79000091552734,63.220001220703125,63.47999954223633,64.27999877929688,974800,64.27999877929688
2014-07-03,65.05000305175781,63.83000183105469,64.66000366210938,64.58999633789062,368500,64.58999633789062
2014-07-07,64.69999694824219,61.560001373291016,64.01000213623047,61.650001525878906,1187700,61.650001525878906
2014-07-08,61.72999954223633,59.619998931884766,61.4900016784668,59.91999816894531,1184400,59.91999816894531
2014-07-09,60.65999984741211,58.619998931884766,59.689998626708984,60.2400016784668,576000,60.2400016784668
2014-07-10,59.959999084472656,58.61000061035156,59.2599983215332,59.060001373291016,826400,59.060001373291016
2014-07-11,59.709999084472656,58.869998931884766,59.25,59.290000915527344,432500,59.290000915527344
2014-07-14,60.0,58.77000045776367,59.79999923706055,59.09000015258789,522900,59.09000015258789
2014-07-15,60.0,57.33000183105469,59.41999816894531,57.70000076293945,1650000,57.70000076293945
2014-07-16,58.84000015258789,56.20000076293945,58.84000015258789,56.34000015258789,1067200,56.34000015258789
2014-07-17,57.36000061035156,55.36000061035156,56.15999984741211,55.779998779296875,1850500,55.779998779296875
2014-07-18,59.2400016784668,55.79999923706055,56.09000015258789,59.060001373291016,1720800,59.060001373291016
2014-07-21,59.43000030517578,57.880001068115234,58.56999969482422,59.36000061035156,850600,59.36000061035156
2014-07-22,60.66999816894531,59.459999084472656,60.13999938964844,60.380001068115234,1271700,60.380001068115234
2014-07-23,63.04999923706055,60.15999984741211,61.47999954223633,62.08000183105469,1376200,62.08000183105469
2014-07-24,62.2599983215332,60.689998626708984,62.2599983215332,61.459999084472656,923900,61.459999084472656
2014-07-25,61.59000015258789,60.08000183105469,61.400001525878906,60.599998474121094,955200,60.599998474121094
2014-07-28,60.939998626708984,59.099998474121094,60.79999923706055,60.0099983215332,894100,60.0099983215332
2014-07-29,61.75,59.65999984741211,59.65999984741211,61.029998779296875,639800,61.029998779296875
2014-07-30,62.93000030517578,60.7599983215332,61.75,61.09000015258789,1083200,61.09000015258789
2014-07-31,65.98999786376953,61.20000076293945,64.80000305175781,61.81999969482422,3994300,61.81999969482422
2014-08-01,62.93000030517578,61.029998779296875,61.029998779296875,61.95000076293945,1058400,61.95000076293945
2014-08-04,64.5,61.63999938964844,61.959999084472656,64.27999877929688,1339900,64.27999877929688
2014-08-05,65.5,63.7400016784668,63.90999984741211,64.95999908447266,1251400,64.95999908447266
2014-08-06,65.48999786376953,64.18000030517578,64.5,65.11000061035156,989900,65.11000061035156
2014-08-07,65.9000015258789,63.0,65.27999877929688,63.65999984741211,1181400,63.65999984741211
2014-08-08,64.48999786376953,63.349998474121094,64.05000305175781,63.9900016784668,557500,63.9900016784668
2014-08-11,65.33999633789062,63.59000015258789,64.30999755859375,64.93000030517578,780700,64.93000030517578
2014-08-12,65.0999984741211,64.11000061035156,65.0999984741211,64.41000366210938,597300,64.41000366210938
2014-08-13,66.4000015258789,64.08000183105469,64.8499984741211,65.80999755859375,926400,65.80999755859375
2014-08-14,67.75,65.38999938964844,65.58999633789062,67.66999816894531,1151000,67.66999816894531
2014-08-15,68.41000366210938,66.05999755859375,68.26000213623047,67.23999786376953,889500,67.23999786376953
2014-08-18,68.5,67.30000305175781,67.8499984741211,67.98999786376953,1051500,67.98999786376953
2014-08-19,69.69000244140625,67.30999755859375,68.30999755859375,69.0999984741211,1229400,69.0999984741211
2014-08-20,70.9000015258789,68.12000274658203,68.47000122070312,70.66000366210938,1414200,70.66000366210938
2014-08-21,70.81999969482422,68.87999725341797,70.2300033569336,69.37000274658203,1106800,69.37000274658203
2014-08-22,70.83000183105469,68.45999908447266,68.51000213623047,70.16000366210938,832400,70.16000366210938
2014-08-25,72.20999908447266,70.02999877929688,70.95999908447266,70.88999938964844,1180000,70.88999938964844
2014-08-26,72.0,71.0,71.06999969482422,71.55000305175781,980400,71.55000305175781
2014-08-27,71.5,70.01000213623047,71.27999877929688,70.80000305175781,804900,70.80000305175781
2014-08-28,71.0999984741211,69.55000305175781,69.91000366210938,69.62000274658203,764700,69.62000274658203
2014-08-29,71.7300033569336,69.68000030517578,69.75,71.22000122070312,678400,71.22000122070312
2014-09-02,71.44999694824219,69.18000030517578,71.44999694824219,70.38999938964844,792100,70.38999938964844
2014-09-03,71.33000183105469,70.05999755859375,70.43000030517578,70.48999786376953,755500,70.48999786376953
2014-09-04,70.88999938964844,68.26000213623047,70.47000122070312,68.31999969482422,1079100,68.31999969482422
2014-09-05,69.0,66.33999633789062,68.75,67.30000305175781,1264300,67.30000305175781
2014-09-08,69.69999694824219,66.91000366210938,66.91000366210938,69.19000244140625,1594800,69.19000244140625
2014-09-09,69.38999938964844,68.0199966430664,69.38999938964844,68.2300033569336,1271000,68.2300033569336
2014-09-10,69.73999786376953,67.97000122070312,68.41000366210938,69.4800033569336,955400,69.4800033569336
2014-09-11,69.33999633789062,68.5199966430664,69.30000305175781,68.80000305175781,1140000,68.80000305175781
2014-09-12,69.08000183105469,67.61000061035156,68.9000015258789,68.0,686700,68.0
2014-09-15,68.01000213623047,66.25,67.76000213623047,66.79000091552734,1009400,66.79000091552734
2014-09-16,67.25,65.98999786376953,66.56999969482422,66.88999938964844,1218200,66.88999938964844
2014-09-17,68.66000366210938,66.43000030517578,67.11000061035156,68.20999908447266,762300,68.20999908447266
2014-09-18,69.61000061035156,67.88999938964844,68.20999908447266,69.5999984741211,1340300,69.5999984741211
2014-09-19,69.95999908447266,68.94000244140625,69.75,69.8499984741211,1761100,69.8499984741211
2014-09-22,69.7699966430664,68.31999969482422,69.37999725341797,69.08000183105469,1677200,69.08000183105469
2014-09-23,70.37999725341797,68.66999816894531,68.93000030517578,70.05999755859375,806300,70.05999755859375
2014-09-24,72.66000366210938,69.16999816894531,70.16999816894531,72.61000061035156,1319300,72.61000061035156
2014-09-25,73.2300033569336,71.06999969482422,72.43000030517578,71.30999755859375,869200,71.30999755859375
2014-09-26,72.55999755859375,70.7300033569336,71.44999694824219,72.36000061035156,748000,72.36000061035156
2014-09-29,73.13999938964844,71.44000244140625,71.66999816894531,73.0,732200,73.0
2014-09-30,73.3499984741211,72.08999633789062,73.22000122070312,72.16000366210938,1116400,72.16000366210938
2014-10-01,72.18000030517578,70.30000305175781,71.93000030517578,70.41000366210938,1465900,70.41000366210938
2014-10-02,71.11000061035156,69.0999984741211,70.0199966430664,69.79000091552734,1207300,69.79000091552734
2014-10-03,71.0,69.80000305175781,70.29000091552734,70.66999816894531,1055300,70.66999816894531
2014-10-06,71.56999969482422,70.4000015258789,71.16999816894531,71.05000305175781,1090800,71.05000305175781
2014-10-07,70.94999694824219,69.44999694824219,70.52999877929688,69.94999694824219,1142000,69.94999694824219
2014-10-08,72.97000122070312,69.94999694824219,70.20999908447266,72.91999816894531,1043900,72.91999816894531
2014-10-09,73.5999984741211,71.54000091552734,72.86000061035156,71.91999816894531,1239000,71.91999816894531
2014-10-10,73.19000244140625,70.61000061035156,71.2699966430664,70.80000305175781,1048000,70.80000305175781
2014-10-13,70.98999786376953,68.0199966430664,70.72000122070312,68.08999633789062,1396500,68.08999633789062
2014-10-14,69.44000244140625,66.11000061035156,68.58999633789062,67.2699966430664,1277600,67.2699966430664
2014-10-15,67.72000122070312,65.91000366210938,66.13999938964844,67.31999969482422,1230600,67.31999969482422
2014-10-16,71.72000122070312,66.44000244140625,66.44000244140625,70.58999633789062,1190400,70.58999633789062
2014-10-17,71.52999877929688,70.02999877929688,71.33000183105469,70.44999694824219,1763700,70.44999694824219
2014-10-20,71.76000213623047,70.0999984741211,70.27999877929688,71.0,855800,71.0
2014-10-21,75.26000213623047,71.9000015258789,72.2699966430664,74.70999908447266,1559200,74.70999908447266
2014-10-22,75.72000122070312,73.5999984741211,74.36000061035156,74.31999969482422,969800,74.31999969482422
2014-10-23,75.86000061035156,74.22000122070312,75.0,75.01000213623047,1272500,75.01000213623047
2014-10-24,81.83000183105469,75.4000015258789,75.4000015258789,81.02999877929688,2399300,81.02999877929688
2014-10-27,82.4000015258789,80.05999755859375,80.51000213623047,82.36000061035156,1038700,82.36000061035156
2014-10-28,83.31999969482422,81.43000030517578,81.43000030517578,82.05000305175781,1379600,82.05000305175781
2014-10-29,81.55000305175781,79.63999938964844,81.30999755859375,80.55999755859375,1262500,80.55999755859375
2014-10-30,83.68000030517578,79.88999938964844,80.31999969482422,82.36000061035156,1029200,82.36000061035156
2014-10-31,84.30000305175781,82.0,83.26000213623047,82.5,1183600,82.5
2014-11-03,86.80000305175781,83.05999755859375,83.05999755859375,84.58000183105469,1620300,84.58000183105469
2014-11-04,84.87999725341797,82.56999969482422,83.72000122070312,83.45999908447266,830500,83.45999908447266
2014-11-05,84.41999816894531,81.72000122070312,84.12999725341797,81.97000122070312,729500,81.97000122070312
2014-11-06,84.13999938964844,82.1500015258789,82.1500015258789,84.02999877929688,626300,84.02999877929688
2014-11-07,84.36000061035156,82.45999908447266,83.5999984741211,83.91000366210938,727100,83.91000366210938
2014-11-10,88.2300033569336,85.77999877929688,85.77999877929688,87.5999984741211,1378700,87.5999984741211
2014-11-11,87.5,85.7699966430664,87.4800033569336,86.12000274658203,1065500,86.12000274658203
2014-11-12,87.1500015258789,84.83000183105469,85.37999725341797,86.94999694824219,692500,86.94999694824219
2014-11-13,88.1500015258789,86.27999877929688,86.9800033569336,87.91999816894531,979300,87.91999816894531
2014-11-14,87.87000274658203,82.66999816894531,87.05999755859375,82.8499984741211,1457400,82.8499984741211
2014-11-17,84.18000030517578,82.31999969482422,82.87999725341797,83.0999984741211,1007000,83.0999984741211
2014-11-18,86.05000305175781,82.80999755859375,83.26000213623047,85.44999694824219,847500,85.44999694824219
2014-11-19,85.9800033569336,84.19000244140625,85.18000030517578,85.08000183105469,592700,85.08000183105469
2014-11-20,85.0,83.5199966430664,84.52999877929688,84.43000030517578,690700,84.43000030517578
2014-11-21,86.33999633789062,84.26000213623047,85.4800033569336,85.83000183105469,847400,85.83000183105469
2014-11-24,88.37000274658203,83.0999984741211,83.88999938964844,87.94000244140625,2935300,87.94000244140625
2014-11-25,91.4000015258789,87.33999633789062,88.69000244140625,89.44999694824219,1957800,89.44999694824219
2014-11-26,89.94999694824219,88.01000213623047,89.55000305175781,89.37999725341797,920200,89.37999725341797
2014-11-28,90.83000183105469,88.91999816894531,89.47000122070312,89.72000122070312,516300,89.72000122070312
2014-12-01,90.9000015258789,88.12000274658203,89.30000305175781,90.16000366210938,1440600,90.16000366210938
2014-12-02,92.98999786376953,88.27999877929688,90.66000366210938,92.2699966430664,1607200,92.2699966430664
2014-12-03,92.95999908447266,90.44999694824219,92.37000274658203,91.0999984741211,1328100,91.0999984741211
2014-12-04,91.68000030517578,89.36000061035156,91.68000030517578,89.95999908447266,1030700,89.95999908447266
2014-12-05,90.93000030517578,89.51000213623047,90.1500015258789,90.18000030517578,885100,90.18000030517578
2014-12-08,94.25,90.94000244140625,90.94000244140625,92.72000122070312,1363600,92.72000122070312
2014-12-09,94.95999908447266,90.56999969482422,90.91999816894531,94.19000244140625,1057900,94.19000244140625
2014-12-10,95.30999755859375,90.88999938964844,95.0,91.4000015258789,1137000,91.4000015258789
2014-12-11,96.36000061035156,91.3499984741211,92.86000061035156,92.9000015258789,1458900,92.9000015258789
2014-12-12,93.95999908447266,91.47000122070312,91.69999694824219,91.5199966430664,830600,91.5199966430664
2014-12-15,92.0,86.25,91.69999694824219,87.2300033569336,2018900,87.2300033569336
2014-12-16,88.79000091552734,86.05000305175781,87.37999725341797,86.05999755859375,1508100,86.05999755859375
2014-12-17,87.83000183105469,85.72000122070312,86.33999633789062,87.20999908447266,1573700,87.20999908447266
2014-12-18,91.8499984741211,88.12000274658203,89.0,91.83000183105469,1422600,91.83000183105469
2014-12-19,94.19000244140625,91.0999984741211,92.44000244140625,93.83999633789062,1834700,93.83999633789062
2014-12-22,93.88999938964844,91.19999694824219,93.33999633789062,92.80000305175781,952600,92.80000305175781
2014-12-23,93.23999786376953,86.72000122070312,92.88999938964844,87.29000091552734,1308800,87.29000091552734
2014-12-24,89.58000183105469,86.72000122070312,87.1500015258789,88.18000030517578,496800,88.18000030517578
2014-12-26,91.73999786376953,88.08999633789062,88.86000061035156,91.52999877929688,572700,91.52999877929688
2014-12-29,92.45999908447266,90.18000030517578,91.41999816894531,92.20999908447266,592500,92.20999908447266
2014-12-30,91.94999694824219,89.51000213623047,91.80999755859375,90.33999633789062,731500,90.33999633789062
2014-12-31,92.69000244140625,89.80999755859375,90.62999725341797,90.4000015258789,722400,90.4000015258789
2015-01-02,92.62999725341797,90.70999908447266,91.23999786376953,92.16999816894531,722000,92.16999816894531
2015-01-05,93.41000366210938,90.68000030517578,90.88999938964844,93.11000061035156,1210000,93.11000061035156
2015-01-06,94.87999725341797,88.51000213623047,93.11000061035156,90.27999877929688,2115600,90.27999877929688
2015-01-07,94.02999877929688,91.08999633789062,91.72000122070312,93.76000213623047,951400,93.76000213623047
2015-01-08,97.93000030517578,93.2699966430664,95.66000366210938,94.18000030517578,1181900,94.18000030517578
2015-01-09,95.30999755859375,92.62000274658203,94.44000244140625,93.77999877929688,903500,93.77999877929688
2015-01-12,98.62999725341797,93.2300033569336,95.30999755859375,96.58000183105469,1746300,96.58000183105469
2015-01-13,100.31999969482422,96.04000091552734,97.29000091552734,97.12999725341797,1716500,97.12999725341797
2015-01-14,100.25,95.43000030517578,95.44000244140625,98.94000244140625,1509300,98.94000244140625
2015-01-15,100.5,96.91000366210938,99.56999969482422,97.77999877929688,1532900,97.77999877929688
2015-01-16,99.87999725341797,97.73999786376953,98.38999938964844,99.44999694824219,1664600,99.44999694824219
2015-01-20,100.37000274658203,97.12000274658203,99.94999694824219,99.16000366210938,1184500,99.16000366210938
2015-01-21,99.08000183105469,95.7699966430664,98.51000213623047,96.13999938964844,1210300,96.13999938964844
2015-01-22,96.43000030517578,92.0,93.5,95.8499984741211,4661100,95.8499984741211
2015-01-23,99.02999877929688,95.8499984741211,96.02999877929688,97.69000244140625,1688000,97.69000244140625
2015-01-26,100.4800033569336,97.5,98.08999633789062,99.51000213623047,1277000,99.51000213623047
2015-01-27,100.43000030517578,98.01000213623047,99.0,99.58000183105469,968200,99.58000183105469
2015-01-28,100.94999694824219,97.16999816894531,100.58000183105469,97.25,1288700,97.25
2015-01-29,100.29000091552734,96.37999725341797,98.3499984741211,99.6500015258789,1029000,99.6500015258789
2015-01-30,100.9000015258789,96.88999938964844,99.13999938964844,97.16000366210938,2185200,97.16000366210938
2015-02-02,97.9000015258789,93.87000274658203,97.72000122070312,95.33999633789062,1397600,95.33999633789062
2015-02-03,96.08000183105469,90.66999816894531,96.08000183105469,92.76000213623047,2032700,92.76000213623047
2015-02-04,95.29000091552734,89.18000030517578,91.33000183105469,94.36000061035156,1178800,94.36000061035156
2015-02-05,95.87999725341797,93.38999938964844,93.83000183105469,95.63999938964844,960300,95.63999938964844
2015-02-06,96.7699966430664,93.16000366210938,95.93000030517578,93.8499984741211,700700,93.8499984741211
2015-02-09,96.0999984741211,92.88999938964844,94.0,94.0,589100,94.0
2015-02-10,95.97000122070312,94.30999755859375,95.38999938964844,94.73999786376953,1078800,94.73999786376953
2015-02-11,97.04000091552734,94.13999938964844,94.56999969482422,95.80000305175781,928300,95.80000305175781
2015-02-12,99.41999816894531,95.52999877929688,97.0,98.77999877929688,879000,98.77999877929688
2015-02-13,100.80000305175781,97.43000030517578,98.56999969482422,100.76000213623047,1154100,100.76000213623047
2015-02-17,103.66999816894531,100.26000213623047,100.80000305175781,101.51000213623047,1160900,101.51000213623047
2015-02-18,103.44999694824219,100.44999694824219,101.48999786376953,103.36000061035156,694400,103.36000061035156
2015-02-19,104.66000366210938,102.44999694824219,103.38999938964844,104.19000244140625,893300,104.19000244140625
2015-02-20,107.98999786376953,103.56999969482422,104.55000305175781,107.16000366210938,1344000,107.16000366210938
2015-02-23,110.0,107.05000305175781,107.63999938964844,107.83000183105469,1356200,107.83000183105469
2015-02-24,108.4000015258789,104.41999816894531,108.04000091552734,106.02999877929688,1129600,106.02999877929688
2015-02-25,108.19999694824219,105.0,106.01000213623047,107.5,1117500,107.5
2015-02-26,111.88999938964844,104.95999908447266,108.25,108.83999633789062,1953300,108.83999633789062
2015-02-27,108.9800033569336,106.12000274658203,108.23999786376953,107.06999969482422,921400,107.06999969482422
2015-03-02,108.87999725341797,106.58000183105469,107.0,108.41999816894531,1138800,108.41999816894531
2015-03-03,108.52999877929688,106.06999969482422,107.20999908447266,108.36000061035156,1015600,108.36000061035156
2015-03-04,110.0,106.80000305175781,107.48999786376953,109.79000091552734,1097200,109.79000091552734
2015-03-05,116.69999694824219,111.05000305175781,111.05000305175781,113.5,2779200,113.5
2015-03-06,115.68000030517578,112.5,113.44000244140625,113.7699966430664,1341400,113.7699966430664
2015-03-09,114.30000305175781,111.16999816894531,113.75,113.18000030517578,1392300,113.18000030517578
2015-03-10,115.0,111.26000213623047,112.08999633789062,113.16000366210938,1132500,113.16000366210938
2015-03-11,115.81999969482422,111.80999755859375,113.87000274658203,114.44999694824219,1365300,114.44999694824219
2015-03-12,115.8499984741211,113.55000305175781,114.5,115.58999633789062,1223800,115.58999633789062
2015-03-13,124.16000366210938,117.62999725341797,117.68000030517578,123.5199966430664,3539900,123.5199966430664
2015-03-16,124.98999786376953,121.26000213623047,121.48999786376953,124.37000274658203,1722600,124.37000274658203
2015-03-17,127.9000015258789,123.37999725341797,124.37000274658203,127.2699966430664,1716300,127.2699966430664
2015-03-18,127.54000091552734,123.8499984741211,126.51000213623047,126.11000061035156,1766900,126.11000061035156
2015-03-19,129.4199981689453,126.91000366210938,127.36000061035156,127.48999786376953,1644700,127.48999786376953
2015-03-20,129.58999633789062,124.81999969482422,128.50999450683594,125.16999816894531,2290800,125.16999816894531
2015-03-23,125.25,121.44999694824219,125.25,123.62000274658203,1802200,123.62000274658203
2015-03-24,126.0,122.7300033569336,124.01000213623047,123.0,1579100,123.0
2015-03-25,123.26000213623047,115.05999755859375,122.8499984741211,115.62000274658203,2544100,115.62000274658203
2015-03-26,116.19999694824219,111.0,112.62999725341797,115.55000305175781,2241200,115.55000305175781
2015-03-27,133.5399932861328,123.05000305175781,125.0,128.77999877929688,6370700,128.77999877929688
2015-03-30,133.44000244140625,126.54000091552734,131.3300018310547,129.13999938964844,2828600,129.13999938964844
2015-03-31,129.3300018310547,123.58000183105469,128.85000610351562,124.62000274658203,2412100,124.62000274658203
2015-04-01,124.75,118.22000122070312,124.61000061035156,120.94999694824219,2104200,120.94999694824219
2015-04-02,121.80999755859375,117.55000305175781,120.91999816894531,120.37999725341797,1525900,120.37999725341797
2015-04-06,121.3499984741211,118.16999816894531,120.11000061035156,118.77999877929688,1213800,118.77999877929688
2015-04-07,123.5,119.11000061035156,119.69000244140625,121.16999816894531,1675700,121.16999816894531
2015-04-08,124.80999755859375,120.29000091552734,120.38999938964844,123.63999938964844,2056000,123.63999938964844
2015-04-09,126.66000366210938,121.80000305175781,124.5,122.08000183105469,1964800,122.08000183105469
2015-04-10,124.0,121.4000015258789,122.55999755859375,122.19999694824219,1609000,122.19999694824219
2015-04-13,124.86000061035156,121.86000061035156,121.87999725341797,122.13999938964844,953400,122.13999938964844
2015-04-14,123.72000122070312,119.37999725341797,122.0,121.5,1136000,121.5
2015-04-15,122.0999984741211,119.2699966430664,122.02999877929688,120.80000305175781,1193900,120.80000305175781
2015-04-16,122.19999694824219,119.80000305175781,121.4000015258789,121.66000366210938,795700,121.66000366210938
2015-04-17,121.70999908447266,119.5,120.8499984741211,120.91000366210938,1613900,120.91000366210938
2015-04-20,121.51000213623047,119.04000091552734,121.04000091552734,120.12999725341797,1026300,120.12999725341797
2015-04-21,121.73999786376953,119.69999694824219,120.94000244140625,121.23999786376953,979800,121.23999786376953
2015-04-22,123.1500015258789,120.37000274658203,121.30000305175781,121.08000183105469,731200,121.08000183105469
2015-04-23,124.05000305175781,120.26000213623047,120.69000244140625,122.94999694824219,1004800,122.94999694824219
2015-04-24,123.13999938964844,120.20999908447266,122.37999725341797,120.27999877929688,821800,120.27999877929688
2015-04-27,124.94999694824219,115.43000030517578,120.72000122070312,116.97000122070312,2547800,116.97000122070312
2015-04-28,118.83999633789062,113.19999694824219,118.2699966430664,115.6500015258789,1746600,115.6500015258789
2015-04-29,117.33000183105469,113.4000015258789,113.94000244140625,115.19000244140625,968600,115.19000244140625
2015-04-30,118.6500015258789,110.5,116.33999633789062,112.05000305175781,1718900,112.05000305175781
2015-05-01,119.75,112.61000061035156,114.8499984741211,115.91999816894531,1862400,115.91999816894531
2015-05-04,119.61000061035156,114.63999938964844,115.43000030517578,116.31999969482422,1056600,116.31999969482422
2015-05-05,116.26000213623047,113.5,115.69000244140625,113.91999816894531,994100,113.91999816894531
2015-05-06,122.5,116.0,119.13999938964844,119.69999694824219,2505100,119.69999694824219
2015-05-07,120.77999877929688,117.16999816894531,119.75,120.36000061035156,1276000,120.36000061035156
2015-05-08,124.31999969482422,120.62999725341797,121.48999786376953,121.66000366210938,1133900,121.66000366210938
2015-05-11,123.41000366210938,120.55999755859375,122.27999877929688,120.95999908447266,959400,120.95999908447266
2015-05-12,121.3499984741211,119.05000305175781,120.2300033569336,121.08999633789062,781700,121.08999633789062
2015-05-13,123.01000213623047,120.62000274658203,122.13999938964844,121.47000122070312,936200,121.47000122070312
2015-05-14,123.70999908447266,120.04000091552734,122.37999725341797,122.6500015258789,1128700,122.6500015258789
2015-05-15,123.30999755859375,121.47000122070312,122.5999984741211,122.77999877929688,650500,122.77999877929688
2015-05-18,126.1500015258789,121.52999877929688,122.41999816894531,126.0199966430664,1142500,126.0199966430664
2015-05-19,127.83000183105469,124.06999969482422,126.2300033569336,124.98999786376953,1013300,124.98999786376953
2015-05-20,128.22000122070312,124.25,125.44000244140625,127.97000122070312,1065800,127.97000122070312
2015-05-21,128.0,124.56999969482422,127.58999633789062,126.87999725341797,874700,126.87999725341797
2015-05-22,127.5,125.51000213623047,126.26000213623047,127.19000244140625,773300,127.19000244140625
2015-05-26,128.74000549316406,125.45999908447266,127.0,127.11000061035156,1047700,127.11000061035156
2015-05-27,131.5399932861328,127.0199966430664,128.1199951171875,129.5399932861328,1718300,129.5399932861328
2015-05-28,130.0,126.33000183105469,129.42999267578125,127.38999938964844,1184300,127.38999938964844
2015-05-29,127.81999969482422,124.19999694824219,127.7300033569336,125.56999969482422,1650600,125.56999969482422
2015-06-01,126.91999816894531,121.86000061035156,125.69999694824219,124.02999877929688,1181300,124.02999877929688
2015-06-02,125.20999908447266,120.86000061035156,123.7699966430664,124.01000213623047,1082800,124.01000213623047
2015-06-03,125.58999633789062,122.95999908447266,124.12000274658203,123.7699966430664,781100,123.7699966430664
2015-06-04,123.77999877929688,118.9800033569336,122.61000061035156,120.45999908447266,1130800,120.45999908447266
2015-06-05,124.25,119.66000366210938,121.6500015258789,123.8499984741211,1013200,123.8499984741211
2015-06-08,125.58000183105469,122.95999908447266,125.0,123.9000015258789,834000,123.9000015258789
2015-06-09,124.4800033569336,120.20999908447266,123.47000122070312,120.66000366210938,1300500,120.66000366210938
2015-06-10,122.41000366210938,117.54000091552734,120.91999816894531,122.2699966430664,1030000,122.2699966430664
2015-06-11,123.48999786376953,121.80000305175781,122.80999755859375,123.04000091552734,678400,123.04000091552734
2015-06-12,122.79000091552734,121.20999908447266,122.30000305175781,122.02999877929688,763100,122.02999877929688
2015-06-15,122.5999984741211,120.01000213623047,121.30000305175781,121.93000030517578,809200,121.93000030517578
2015-06-16,122.9800033569336,120.79000091552734,122.0,121.0999984741211,800300,121.0999984741211
2015-06-17,123.98999786376953,121.58000183105469,121.80000305175781,123.5999984741211,1183700,123.5999984741211
2015-06-18,140.49000549316406,132.2100067138672,132.27000427246094,138.66000366210938,5642100,138.66000366210938
2015-06-19,138.64999389648438,135.07000732421875,137.2100067138672,137.92999267578125,2013100,137.92999267578125
2015-06-22,140.32000732421875,137.27999877929688,138.7899932861328,140.0,1253500,140.0
2015-06-23,141.50999450683594,137.16000366210938,141.0399932861328,138.86000061035156,1198500,138.86000061035156
2015-06-24,139.8699951171875,136.0,138.85000610351562,136.49000549316406,1249800,136.49000549316406
2015-06-25,137.3800048828125,133.77999877929688,136.66000366210938,135.36000061035156,932600,135.36000061035156
2015-06-26,135.99000549316406,132.85000610351562,135.52000427246094,134.83999633789062,1227500,134.83999633789062
2015-06-29,136.2899932861328,131.57000732421875,133.6999969482422,132.30999755859375,1583400,132.30999755859375
2015-06-30,137.24000549316406,133.47000122070312,134.2899932861328,136.77999877929688,1269000,136.77999877929688
2015-07-01,138.7100067138672,135.80999755859375,138.5399932861328,136.72999572753906,839300,136.72999572753906
2015-07-02,136.97000122070312,135.08999633789062,136.3699951171875,136.83999633789062,786600,136.83999633789062
2015-07-06,140.3000030517578,135.52000427246094,136.07000732421875,140.10000610351562,1695200,140.10000610351562
2015-07-07,141.0,137.0,140.38999938964844,139.7899932861328,1420300,139.7899932861328
2015-07-08,139.00999450683594,136.5,138.83999633789062,137.58999633789062,1071300,137.58999633789062
2015-07-09,140.94000244140625,137.9199981689453,139.5800018310547,140.1300048828125,1286300,140.1300048828125
2015-07-10,142.33999633789062,138.66000366210938,141.49000549316406,141.6699981689453,1118400,141.6699981689453
2015-07-13,144.92999267578125,142.80999755859375,142.9199981689453,144.5,860500,144.5
2015-07-14,147.5,144.52000427246094,144.77999877929688,147.25,1062400,147.25
2015-07-15,148.89999389648438,145.41000366210938,146.97999572753906,146.3000030517578,1508600,146.3000030517578
2015-07-16,148.49000549316406,145.5,145.57000732421875,147.72000122070312,972500,147.72000122070312
2015-07-17,149.13999938964844,146.32000732421875,148.00999450683594,149.08999633789062,912300,149.08999633789062
2015-07-20,151.75,148.8800048828125,150.0,149.1300048828125,1129600,149.1300048828125
2015-07-21,149.83999633789062,143.7100067138672,149.77000427246094,143.7899932861328,1673400,143.7899932861328
2015-07-22,144.89999389648438,141.1699981689453,142.80999755859375,144.0,1333100,144.0
2015-07-23,149.5399932861328,146.02000427246094,146.8699951171875,148.0500030517578,2061200,148.0500030517578
2015-07-24,148.9199981689453,144.0,146.11000061035156,144.99000549316406,5721100,144.99000549316406
2015-07-27,145.07000732421875,141.50999450683594,143.99000549316406,144.32000732421875,1399500,144.32000732421875
2015-07-28,146.2100067138672,142.2100067138672,144.92999267578125,145.94000244140625,1227800,145.94000244140625
2015-07-29,147.4199981689453,142.27999877929688,147.4199981689453,144.32000732421875,1005600,144.32000732421875
2015-07-30,144.82000732421875,140.17999267578125,143.8300018310547,144.55999755859375,951400,144.55999755859375
2015-07-31,148.10000610351562,144.02000427246094,145.44000244140625,146.27000427246094,1120600,146.27000427246094
2015-08-03,148.3000030517578,144.52999877929688,146.67999267578125,147.1699981689453,1207000,147.1699981689453
2015-08-04,147.75999450683594,141.9199981689453,145.0,143.77999877929688,1626000,143.77999877929688
2015-08-05,146.5500030517578,142.80999755859375,144.75999450683594,143.66000366210938,792300,143.66000366210938
2015-08-06,143.7899932861328,134.52999877929688,143.57000732421875,134.74000549316406,1856100,134.74000549316406
2015-08-07,134.5399932861328,128.9499969482422,134.50999450683594,133.83999633789062,2030700,133.83999633789062
2015-08-10,138.1199951171875,134.2899932861328,134.41000366210938,136.22999572753906,1178200,136.22999572753906
2015-08-11,136.99000549316406,131.39999389648438,134.82000732421875,136.02000427246094,851500,136.02000427246094
2015-08-12,138.0,131.6999969482422,134.99000549316406,137.60000610351562,969000,137.60000610351562
2015-08-13,139.02000427246094,135.75,137.63999938964844,135.83999633789062,662100,135.83999633789062
2015-08-14,137.8000030517578,132.52999877929688,135.02999877929688,135.50999450683594,750200,135.50999450683594
2015-08-17,139.75999450683594,134.1199951171875,135.2100067138672,139.44000244140625,710400,139.44000244140625
2015-08-18,140.67999267578125,136.66000366210938,139.38999938964844,137.22999572753906,555800,137.22999572753906
2015-08-19,136.83999633789062,133.5,135.9600067138672,135.6999969482422,598200,135.6999969482422
2015-08-20,137.39999389648438,128.9600067138672,134.52999877929688,129.00999450683594,1096700,129.00999450683594
2015-08-21,131.10000610351562,125.54000091552734,126.80000305175781,126.16999816894531,1372600,126.16999816894531
2015-08-24,124.83999633789062,114.94999694824219,115.01000213623047,119.68000030517578,2060800,119.68000030517578
2015-08-25,126.41999816894531,120.93000030517578,124.73999786376953,121.13999938964844,1681000,121.13999938964844
2015-08-26,128.25999450683594,120.08999633789062,124.94999694824219,128.10000610351562,1335000,128.10000610351562
2015-08-27,132.50999450683594,128.42999267578125,129.5,130.88999938964844,1078500,130.88999938964844
2015-08-28,133.27999877929688,129.66000366210938,130.42999267578125,133.17999267578125,885100,133.17999267578125
2015-08-31,136.85000610351562,128.6699981689453,134.0500030517578,129.24000549316406,1156500,129.24000549316406
2015-09-01,127.81999969482422,123.7699966430664,126.06999969482422,124.62999725341797,1305300,124.62999725341797
2015-09-02,129.38999938964844,124.43000030517578,126.43000030517578,129.25999450683594,1079600,129.25999450683594
2015-09-03,130.99000549316406,126.23999786376953,129.5,126.44999694824219,854700,126.44999694824219
2015-09-04,127.55999755859375,124.19999694824219,124.5999984741211,126.51000213623047,698900,126.51000213623047
2015-09-08,133.10000610351562,126.81999969482422,129.19000244140625,132.58999633789062,944900,132.58999633789062
2015-09-09,134.7100067138672,129.4600067138672,134.27000427246094,129.8699951171875,678500,129.8699951171875
2015-09-10,134.16000366210938,129.39999389648438,129.8300018310547,133.0800018310547,974500,133.0800018310547
2015-09-11,133.82000732421875,131.1199951171875,132.64999389648438,132.8800048828125,815900,132.8800048828125
2015-09-14,133.94000244140625,130.32000732421875,133.75,131.49000549316406,547700,131.49000549316406
2015-09-15,132.89999389648438,130.55999755859375,131.63999938964844,131.8800048828125,646200,131.8800048828125
2015-09-16,132.7899932861328,127.26000213623047,131.7100067138672,129.08999633789062,917100,129.08999633789062
2015-09-17,133.7899932861328,128.25,129.19000244140625,132.1300048828125,751800,132.1300048828125
2015-09-18,132.82000732421875,129.60000610351562,130.97999572753906,130.64999389648438,1581300,130.64999389648438
2015-09-21,132.8000030517578,120.91000366210938,132.67999267578125,122.08999633789062,2085200,122.08999633789062
2015-09-22,121.5,117.0199966430664,119.2699966430664,117.97000122070312,2255700,117.97000122070312
2015-09-23,120.61000061035156,116.62999725341797,118.68000030517578,117.81999969482422,911000,117.81999969482422
2015-09-24,117.91999816894531,111.08000183105469,117.0,113.0,2088300,113.0
2015-09-25,114.95999908447266,105.37000274658203,113.05000305175781,108.69000244140625,2270000,108.69000244140625
2015-09-28,107.37999725341797,95.83999633789062,106.8499984741211,99.37999725341797,3346500,99.37999725341797
2015-09-29,104.6500015258789,95.08999633789062,100.12000274658203,96.81999969482422,2606400,96.81999969482422
2015-09-30,109.55999755859375,99.5,99.5,105.31999969482422,3346800,105.31999969482422
2015-10-01,110.05999755859375,102.76000213623047,103.75,109.79000091552734,2597000,109.79000091552734
2015-10-02,113.8499984741211,106.01000213623047,108.41000366210938,113.0,2048900,113.0
2015-10-05,115.9800033569336,109.12000274658203,114.7699966430664,109.93000030517578,1635400,109.93000030517578
2015-10-06,108.87000274658203,99.25,107.97000122070312,103.23999786376953,2761400,103.23999786376953
2015-10-07,103.79000091552734,100.27999877929688,103.27999877929688,102.12999725341797,2791500,102.12999725341797
2015-10-08,102.76000213623047,96.37999725341797,102.37999725341797,100.72000122070312,1480600,100.72000122070312
2015-10-09,104.19999694824219,98.52999877929688,99.91999816894531,102.69000244140625,1010100,102.69000244140625
2015-10-12,103.9800033569336,101.44999694824219,103.27999877929688,102.91000366210938,793200,102.91000366210938
2015-10-13,105.5,99.11000061035156,102.01000213623047,99.33999633789062,1158100,99.33999633789062
2015-10-14,106.72000122070312,99.63999938964844,101.61000061035156,103.7699966430664,2346900,103.7699966430664
2015-10-15,111.83000183105469,102.66999816894531,103.5999984741211,111.5,1967000,111.5
2015-10-16,112.41000366210938,106.5999984741211,111.61000061035156,108.83999633789062,1682200,108.83999633789062
2015-10-19,111.4800033569336,105.04000091552734,108.88999938964844,107.27999877929688,1566000,107.27999877929688
2015-10-20,107.51000213623047,103.25,107.0,103.91999816894531,1445000,103.91999816894531
2015-10-21,105.9800033569336,99.36000061035156,105.2699966430664,103.94000244140625,1311100,103.94000244140625
2015-10-22,105.80999755859375,99.58999633789062,103.93000030517578,101.5999984741211,1541800,101.5999984741211
2015-10-23,105.0,102.0199966430664,102.91999816894531,104.13999938964844,1236900,104.13999938964844
2015-10-26,106.19999694824219,102.19999694824219,103.87000274658203,104.68000030517578,888300,104.68000030517578
2015-10-27,110.86000061035156,104.70999908447266,105.23999786376953,110.70999908447266,1669900,110.70999908447266
2015-10-28,113.69999694824219,109.87999725341797,110.87999725341797,113.69000244140625,1919500,113.69000244140625
2015-10-29,115.87999725341797,112.0999984741211,112.69000244140625,113.80000305175781,1702800,113.80000305175781
2015-10-30,118.4800033569336,110.01000213623047,111.66000366210938,117.04000091552734,2166500,117.04000091552734
2015-11-02,118.37000274658203,114.5,118.37000274658203,116.83999633789062,1763300,116.83999633789062
2015-11-03,116.55000305175781,114.01000213623047,116.0999984741211,115.29000091552734,1288800,115.29000091552734
2015-11-04,116.72000122070312,110.83999633789062,116.0,112.72000122070312,1263900,112.72000122070312
2015-11-05,113.19000244140625,108.20999908447266,112.94999694824219,112.31999969482422,1053800,112.31999969482422
2015-11-06,115.19999694824219,110.91999816894531,112.0,114.91999816894531,1259400,114.91999816894531
2015-11-09,114.62999725341797,110.56999969482422,113.69999694824219,111.36000061035156,1373300,111.36000061035156
2015-11-10,113.12000274658203,110.08000183105469,110.79000091552734,112.30000305175781,1056100,112.30000305175781
2015-11-11,113.33000183105469,110.8499984741211,112.87999725341797,111.1500015258789,721000,111.1500015258789
2015-11-12,111.83999633789062,106.55000305175781,111.0,106.80000305175781,891900,106.80000305175781
2015-11-13,110.3499984741211,105.73999786376953,106.22000122070312,107.44000244140625,875500,107.44000244140625
2015-11-16,108.79000091552734,102.87000274658203,107.56999969482422,104.54000091552734,1853100,104.54000091552734
2015-11-17,108.63999938964844,104.68000030517578,105.27999877929688,107.31999969482422,1333600,107.31999969482422
2015-11-18,108.97000122070312,104.80999755859375,107.83999633789062,107.69999694824219,1399300,107.69999694824219
2015-11-19,108.3499984741211,102.0999984741211,107.61000061035156,103.11000061035156,2014500,103.11000061035156
2015-11-20,101.56999969482422,94.0,95.1500015258789,97.0,4810500,97.0
2015-11-23,98.94999694824219,96.52999877929688,97.5,97.80000305175781,1849600,97.80000305175781
2015-11-24,97.80000305175781,97.80000305175781,97.80000305175781,97.80000305175781,0,97.80000305175781
2015-11-25,98.05999755859375,94.29000091552734,94.80999755859375,96.05999755859375,3782600,96.05999755859375
2015-11-27,97.62999725341797,95.0,96.02999877929688,96.44999694824219,661000,96.44999694824219
2015-11-30,96.41999816894531,94.0,96.30999755859375,95.37000274658203,1523400,95.37000274658203
2015-12-01,98.0999984741211,95.01000213623047,96.2300033569336,97.93000030517578,1234300,97.93000030517578
2015-12-02,98.5,95.48999786376953,98.0,95.6500015258789,1149800,95.6500015258789
2015-12-03,96.5,93.12000274658203,96.04000091552734,94.20999908447266,1425700,94.20999908447266
2015-12-04,98.56999969482422,93.55000305175781,93.97000122070312,98.11000061035156,1079400,98.11000061035156
2015-12-07,98.5,94.88999938964844,98.1500015258789,95.51000213623047,1410000,95.51000213623047
2015-12-08,97.51000213623047,93.6500015258789,94.33000183105469,95.5199966430664,1154700,95.5199966430664
2015-12-09,96.5,93.81999969482422,95.36000061035156,94.1500015258789,947500,94.1500015258789
2015-12-10,97.0199966430664,94.48999786376953,94.58999633789062,96.6500015258789,938300,96.6500015258789
2015-12-11,97.33000183105469,93.77999877929688,95.25,93.79000091552734,1028900,93.79000091552734
2015-12-14,95.25,91.20999908447266,93.94000244140625,94.2300033569336,1186400,94.2300033569336
2015-12-15,99.20999908447266,94.36000061035156,94.83999633789062,99.13999938964844,1211900,99.13999938964844
2015-12-16,101.93000030517578,98.05999755859375,99.70999908447266,101.70999908447266,1050700,101.70999908447266
2015-12-17,103.33999633789062,99.38999938964844,101.80000305175781,100.63999938964844,1042900,100.63999938964844
2015-12-18,105.13999938964844,99.94000244140625,100.5,104.44000244140625,3160900,104.44000244140625
2015-12-21,104.87999725341797,102.41999816894531,104.83999633789062,104.13999938964844,1214100,104.13999938964844
2015-12-22,105.88999938964844,103.93000030517578,104.36000061035156,104.3499984741211,969300,104.3499984741211
2015-12-23,106.27999877929688,104.4000015258789,104.4000015258789,105.5199966430664,761200,105.5199966430664
2015-12-24,106.45999908447266,104.5199966430664,105.83000183105469,105.83999633789062,325500,105.83999633789062
2015-12-28,107.55999755859375,104.4000015258789,105.91000366210938,105.30000305175781,635400,105.30000305175781
2015-12-29,106.31999969482422,105.0,106.0199966430664,106.06999969482422,555400,106.06999969482422
2015-12-30,107.0199966430664,105.12000274658203,106.30000305175781,105.7699966430664,849500,105.7699966430664
2015-12-31,105.91999816894531,104.51000213623047,105.44000244140625,104.76000213623047,742200,104.76000213623047
2016-01-04,104.98999786376953,102.0999984741211,102.80000305175781,104.91999816894531,1611900,104.91999816894531
2016-01-05,105.61000061035156,101.23999786376953,105.0199966430664,103.44999694824219,899600,103.44999694824219
2016-01-06,103.66999816894531,99.52999877929688,101.87000274658203,100.44000244140625,1289800,100.44000244140625
2016-01-07,100.8499984741211,97.08999633789062,99.44000244140625,97.08999633789062,1411100,97.08999633789062
2016-01-08,99.33999633789062,94.30000305175781,97.70999908447266,95.75,1333800,95.75
2016-01-11,95.94999694824219,89.4000015258789,95.87000274658203,93.29000091552734,1825100,93.29000091552734
2016-01-12,96.7699966430664,89.3499984741211,93.43000030517578,93.11000061035156,1576800,93.11000061035156
2016-01-13,93.83999633789062,83.66999816894531,92.5999984741211,84.12000274658203,1824400,84.12000274658203
2016-01-14,86.86000061035156,77.58999633789062,86.2699966430664,84.43000030517578,6306900,84.43000030517578
2016-01-15,85.25,81.01000213623047,81.12000274658203,83.13999938964844,3447700,83.13999938964844
2016-01-19,84.04000091552734,77.56999969482422,83.80999755859375,79.51000213623047,2061200,79.51000213623047
2016-01-20,82.66999816894531,74.69000244140625,78.02999877929688,81.37999725341797,2422400,81.37999725341797
2016-01-21,83.37999725341797,79.4800033569336,81.63999938964844,80.81999969482422,1717200,80.81999969482422
2016-01-22,85.83999633789062,81.06999969482422,82.43000030517578,84.66000366210938,1739300,84.66000366210938
2016-01-25,87.5199966430664,83.86000061035156,83.86000061035156,85.01000213623047,1530100,85.01000213623047
2016-01-26,87.25,82.05000305175781,84.62000274658203,86.04000091552734,1244900,86.04000091552734
2016-01-27,87.93000030517578,79.1500015258789,86.18000030517578,80.13999938964844,1713700,80.13999938964844
2016-01-28,81.0199966430664,72.52999877929688,80.72000122070312,73.37999725341797,2862700,73.37999725341797
2016-01-29,75.5,70.25,73.83999633789062,74.0199966430664,3266300,74.0199966430664
2016-02-01,76.69999694824219,73.2699966430664,73.80999755859375,75.6500015258789,2329500,75.6500015258789
2016-02-02,76.0,71.77999877929688,74.44000244140625,72.04000091552734,1559000,72.04000091552734
2016-02-03,74.69000244140625,67.52999877929688,72.37000274658203,71.91000366210938,2201100,71.91000366210938
2016-02-04,73.77999877929688,69.56999969482422,71.5,71.1500015258789,2231600,71.1500015258789
2016-02-05,71.58000183105469,66.19999694824219,70.75,68.41000366210938,2239100,68.41000366210938
2016-02-08,68.16999816894531,63.709999084472656,68.16999816894531,64.73999786376953,1839000,64.73999786376953
2016-02-09,67.4000015258789,62.119998931884766,63.59000015258789,65.11000061035156,2478200,65.11000061035156
2016-02-10,70.76000213623047,65.56999969482422,65.95999908447266,67.0199966430664,1861400,67.0199966430664
2016-02-11,68.88999938964844,65.02999877929688,65.43000030517578,67.26000213623047,1641700,67.26000213623047
2016-02-12,71.25,67.06999969482422,68.0,70.08000183105469,2156300,70.08000183105469
2016-02-16,74.4000015258789,71.48999786376953,72.11000061035156,74.26000213623047,2441300,74.26000213623047
2016-02-17,79.62999725341797,73.61000061035156,75.16000366210938,77.80999755859375,2550600,77.80999755859375
2016-02-18,78.80000305175781,74.44999694824219,78.36000061035156,74.87000274658203,1839000,74.87000274658203
2016-02-19,77.91000366210938,73.27999877929688,74.55000305175781,77.69999694824219,1983100,77.69999694824219
2016-02-22,81.9000015258789,76.75,79.05000305175781,78.48999786376953,1625600,78.48999786376953
2016-02-23,80.25,75.4800033569336,78.11000061035156,75.61000061035156,1765900,75.61000061035156
2016-02-24,76.5199966430664,72.95999908447266,74.30999755859375,76.33999633789062,1465100,76.33999633789062
2016-02-25,78.91000366210938,74.63999938964844,76.91999816894531,76.41000366210938,1864100,76.41000366210938
2016-02-26,82.11000061035156,74.80000305175781,76.63999938964844,80.13999938964844,2299000,80.13999938964844
2016-02-29,84.9000015258789,80.62000274658203,80.75,81.87000274658203,2410200,81.87000274658203
2016-03-01,88.04000091552734,81.02999877929688,82.5,87.56999969482422,2372900,87.56999969482422
2016-03-02,90.33999633789062,84.0,87.44000244140625,87.44000244140625,2080500,87.44000244140625
2016-03-03,90.98999786376953,88.27999877929688,88.91000366210938,89.56999969482422,2802800,89.56999969482422
2016-03-04,89.83000183105469,86.47000122070312,89.7300033569336,86.66999816894531,1745600,86.66999816894531
2016-03-07,89.83999633789062,86.18000030517578,87.69999694824219,88.22000122070312,1761600,88.22000122070312
2016-03-08,90.45999908447266,85.29000091552734,89.36000061035156,85.54000091552734,1334200,85.54000091552734
2016-03-09,86.20999908447266,82.51000213623047,85.86000061035156,85.22000122070312,1500600,85.22000122070312
2016-03-10,86.54000091552734,81.31999969482422,86.54000091552734,83.5999984741211,1288300,83.5999984741211
2016-03-11,88.54000091552734,83.58999633789062,84.5999984741211,88.2699966430664,1301500,88.2699966430664
2016-03-14,88.76000213623047,85.47000122070312,87.5199966430664,85.9800033569336,1453900,85.9800033569336
2016-03-15,85.55000305175781,82.4000015258789,85.44000244140625,83.43000030517578,1147000,83.43000030517578
2016-03-16,84.0,78.61000061035156,82.80999755859375,80.33999633789062,1471800,80.33999633789062
2016-03-17,80.4000015258789,74.66999816894531,80.4000015258789,77.31999969482422,2967500,77.31999969482422
2016-03-18,81.47000122070312,77.08000183105469,77.80999755859375,80.94000244140625,2471000,80.94000244140625
2016-03-21,79.80999755859375,75.9000015258789,76.12999725341797,78.19000244140625,2746400,78.19000244140625
2016-03-22,83.66000366210938,77.45999908447266,77.45999908447266,83.43000030517578,2620200,83.43000030517578
2016-03-23,85.31999969482422,80.33999633789062,83.18000030517578,80.61000061035156,2189300,80.61000061035156
2016-03-24,83.01000213623047,78.41999816894531,80.81999969482422,80.87000274658203,1548000,80.87000274658203
2016-03-28,81.44999694824219,78.87000274658203,81.3499984741211,79.0,716900,79.0
2016-03-29,79.93000030517578,76.41999816894531,79.01000213623047,78.76000213623047,1466500,78.76000213623047
2016-03-30,81.5,77.0999984741211,79.37000274658203,78.0999984741211,936000,78.0999984741211
2016-03-31,84.12000274658203,78.3499984741211,79.08999633789062,82.4800033569336,2165300,82.4800033569336
2016-04-01,86.72000122070312,81.02999877929688,81.45999908447266,84.66000366210938,1599400,84.66000366210938
2016-04-04,87.16999816894531,84.33999633789062,85.66999816894531,84.47000122070312,1040800,84.47000122070312
2016-04-05,84.69999694824219,82.4800033569336,83.98999786376953,83.0199966430664,808600,83.0199966430664
2016-04-06,89.44000244140625,82.94999694824219,83.01000213623047,89.33999633789062,1820700,89.33999633789062
2016-04-07,91.91000366210938,86.66000366210938,89.0,87.79000091552734,1822000,87.79000091552734
2016-04-08,89.3499984741211,84.0199966430664,88.7699966430664,85.20999908447266,1401400,85.20999908447266
2016-04-11,86.27999877929688,82.66999816894531,85.58000183105469,83.19999694824219,1145600,83.19999694824219
2016-04-12,85.38999938964844,82.26000213623047,83.02999877929688,85.0,1235700,85.0
2016-04-13,88.63999938964844,85.0,85.0,88.5199966430664,1732400,88.5199966430664
2016-04-14,89.9800033569336,88.0199966430664,89.93000030517578,88.8499984741211,1421000,88.8499984741211
2016-04-15,89.61000061035156,85.04000091552734,89.61000061035156,86.75,1550500,86.75
2016-04-18,87.16000366210938,83.9000015258789,86.08999633789062,87.0,1191700,87.0
2016-04-19,88.25,85.31999969482422,87.26000213623047,86.37000274658203,1715600,86.37000274658203
2016-04-20,92.80999755859375,88.0,92.0,89.30999755859375,3922400,89.30999755859375
2016-04-21,92.05000305175781,85.5,89.25,91.98999786376953,2121800,91.98999786376953
2016-04-22,94.08000183105469,89.68000030517578,91.9800033569336,93.80000305175781,2549700,93.80000305175781
2016-04-25,93.76000213623047,89.80000305175781,93.76000213623047,90.22000122070312,1741000,90.22000122070312
2016-04-26,91.0,86.7300033569336,90.06999969482422,88.70999908447266,1228000,88.70999908447266
2016-04-27,88.61000061035156,86.22000122070312,87.01000213623047,87.72000122070312,1011300,87.72000122070312
2016-04-28,87.37999725341797,84.5999984741211,86.94999694824219,85.0999984741211,1476800,85.0999984741211
2016-04-29,87.5,83.0199966430664,83.44000244140625,84.68000030517578,1705800,84.68000030517578
2016-05-02,86.9800033569336,83.91999816894531,85.70999908447266,86.9000015258789,1112100,86.9000015258789
2016-05-03,87.41000366210938,84.91000366210938,86.0,85.08999633789062,1012400,85.08999633789062
2016-05-04,84.73999786376953,81.72000122070312,84.1500015258789,82.13999938964844,1512400,82.13999938964844
2016-05-05,82.62999725341797,79.31999969482422,82.16000366210938,80.73999786376953,1074100,80.73999786376953
2016-05-06,82.3499984741211,79.4000015258789,80.36000061035156,80.80000305175781,795300,80.80000305175781
2016-05-09,85.05999755859375,80.56999969482422,81.0999984741211,83.9800033569336,1035400,83.9800033569336
2016-05-10,87.62000274658203,82.7300033569336,84.55000305175781,87.37000274658203,1433700,87.37000274658203
2016-05-11,87.23999786376953,82.08999633789062,87.23999786376953,82.22000122070312,893800,82.22000122070312
2016-05-12,83.0199966430664,78.19999694824219,82.51000213623047,79.79000091552734,992800,79.79000091552734
2016-05-13,84.38999938964844,79.79000091552734,79.79000091552734,82.70999908447266,1360800,82.70999908447266
2016-05-16,86.80000305175781,82.81999969482422,82.81999969482422,86.47000122070312,1083800,86.47000122070312
2016-05-17,87.5,82.88999938964844,85.7300033569336,84.05000305175781,1575300,84.05000305175781
2016-05-18,87.51000213623047,83.20999908447266,83.54000091552734,87.16000366210938,1190500,87.16000366210938
2016-05-19,87.44000244140625,83.4000015258789,86.45999908447266,84.75,869200,84.75
2016-05-20,86.62999725341797,84.33999633789062,84.94000244140625,86.44999694824219,869100,86.44999694824219
2016-05-23,88.1500015258789,85.3499984741211,86.8499984741211,85.51000213623047,831200,85.51000213623047
2016-05-24,88.87999725341797,86.16000366210938,86.31999969482422,87.94999694824219,911800,87.94999694824219
2016-05-25,89.8499984741211,87.5,88.30999755859375,88.80999755859375,1062600,88.80999755859375
2016-05-26,88.38999938964844,86.20999908447266,88.04000091552734,87.26000213623047,877600,87.26000213623047
2016-05-27,89.2300033569336,86.41000366210938,87.56999969482422,89.08999633789062,846300,89.08999633789062
2016-05-31,91.26000213623047,88.94000244140625,89.3499984741211,89.6500015258789,1377200,89.6500015258789
2016-06-01,88.9000015258789,86.01000213623047,88.69000244140625,87.4000015258789,1286800,87.4000015258789
2016-06-02,92.4800033569336,87.16999816894531,89.04000091552734,91.5199966430664,1950500,91.5199966430664
2016-06-03,91.48999786376953,88.0199966430664,91.1500015258789,90.0,1107700,90.0
2016-06-06,90.05000305175781,87.20999908447266,89.13999938964844,89.5199966430664,721800,89.5199966430664
2016-06-07,89.30000305175781,85.2300033569336,88.63999938964844,85.5,1181600,85.5
2016-06-08,85.63999938964844,83.04000091552734,85.36000061035156,84.0999984741211,1026000,84.0999984741211
2016-06-09,84.61000061035156,82.70999908447266,83.75,82.94000244140625,897300,82.94000244140625
2016-06-10,82.4800033569336,79.5199966430664,82.3499984741211,81.0999984741211,1081000,81.0999984741211
2016-06-13,83.9800033569336,79.51000213623047,81.08999633789062,80.11000061035156,1253200,80.11000061035156
2016-06-14,82.66000366210938,79.55000305175781,80.22000122070312,81.05000305175781,1143100,81.05000305175781
2016-06-15,85.52999877929688,81.30999755859375,81.4000015258789,84.01000213623047,1912600,84.01000213623047
2016-06-16,84.5,78.16000366210938,83.19000244140625,80.80000305175781,3145700,80.80000305175781
2016-06-17,84.97000122070312,82.01000213623047,84.30000305175781,83.86000061035156,3994700,83.86000061035156
2016-06-20,85.80000305175781,82.76000213623047,82.7699966430664,84.05999755859375,1682200,84.05999755859375
2016-06-21,84.05000305175781,80.55000305175781,84.05000305175781,81.22000122070312,1427900,81.22000122070312
2016-06-22,83.9800033569336,80.33999633789062,80.80999755859375,82.18000030517578,1233500,82.18000030517578
2016-06-23,83.83000183105469,81.69999694824219,82.87000274658203,83.6500015258789,1398800,83.6500015258789
2016-06-24,83.4000015258789,76.76000213623047,79.55999755859375,77.01000213623047,2572500,77.01000213623047
2016-06-27,77.01000213623047,73.44999694824219,75.87000274658203,74.61000061035156,2023000,74.61000061035156
2016-06-28,79.70999908447266,76.0199966430664,76.2300033569336,79.48999786376953,1585100,79.48999786376953
2016-06-29,81.08000183105469,78.19999694824219,80.5199966430664,78.37000274658203,2142100,78.37000274658203
2016-06-30,79.8499984741211,76.2699966430664,78.70999908447266,77.80000305175781,1853500,77.80000305175781
2016-07-01,81.66999816894531,77.04000091552734,77.58999633789062,81.37999725341797,1651500,81.37999725341797
2016-07-05,80.69000244140625,79.2300033569336,80.63999938964844,79.86000061035156,1353900,79.86000061035156
2016-07-06,81.12999725341797,77.9800033569336,80.33999633789062,80.80999755859375,1402500,80.80999755859375
2016-07-07,90.19999694824219,86.13999938964844,86.58000183105469,88.16000366210938,6732200,88.16000366210938
2016-07-08,93.04000091552734,87.5,87.80999755859375,91.48999786376953,3766700,91.48999786376953
2016-07-11,91.81999969482422,88.58999633789062,91.81999969482422,88.58999633789062,1884100,88.58999633789062
2016-07-12,89.9800033569336,87.43000030517578,88.83000183105469,87.4800033569336,1724200,87.4800033569336
2016-07-13,88.4800033569336,85.86000061035156,88.44000244140625,87.12000274658203,1943900,87.12000274658203
2016-07-14,89.63999938964844,86.16000366210938,88.19000244140625,89.02999877929688,1448500,89.02999877929688
2016-07-15,94.75,89.19000244140625,89.79000091552734,92.08000183105469,2915900,92.08000183105469
2016-07-18,94.37999725341797,89.56999969482422,92.2300033569336,92.86000061035156,2381600,92.86000061035156
2016-07-19,94.0,90.19999694824219,93.48999786376953,90.41999816894531,1150700,90.41999816894531
2016-07-20,94.0199966430664,90.66000366210938,91.56999969482422,93.76000213623047,1506400,93.76000213623047
2016-07-21,94.87000274658203,91.91000366210938,92.0,93.36000061035156,1859500,93.36000061035156
2016-07-22,95.48999786376953,93.36000061035156,93.77999877929688,93.58000183105469,1235200,93.58000183105469
2016-07-25,94.43000030517578,92.55000305175781,94.0199966430664,92.79000091552734,1162500,92.79000091552734
2016-07-26,93.43000030517578,91.20999908447266,93.2699966430664,92.0199966430664,2160800,92.0199966430664
2016-07-27,98.70999908447266,90.5199966430664,91.58000183105469,98.08999633789062,5832300,98.08999633789062
2016-07-28,99.5,96.63999938964844,98.80000305175781,98.19999694824219,2503200,98.19999694824219
2016-07-29,99.62000274658203,96.16999816894531,98.18000030517578,99.41999816894531,1448300,99.41999816894531
2016-08-01,101.30000305175781,98.51000213623047,99.33000183105469,100.25,2102100,100.25
2016-08-02,100.9000015258789,97.4000015258789,99.95999908447266,99.06999969482422,1926600,99.06999969482422
2016-08-03,101.69999694824219,98.76000213623047,99.02999877929688,101.45999908447266,1684800,101.45999908447266
2016-08-04,102.48999786376953,99.13999938964844,102.41000366210938,99.62000274658203,1458000,99.62000274658203
2016-08-05,101.66999816894531,98.5,100.87999725341797,98.94000244140625,2088600,98.94000244140625
2016-08-08,99.62000274658203,97.69999694824219,99.29000091552734,99.0199966430664,1442200,99.0199966430664
2016-08-09,95.94000244140625,93.73999786376953,94.62000274658203,95.1500015258789,5179500,95.1500015258789
2016-08-10,95.0999984741211,90.91999816894531,94.88999938964844,91.44999694824219,2209700,91.44999694824219
2016-08-11,92.80999755859375,90.66000366210938,91.93000030517578,92.01000213623047,1342800,92.01000213623047
2016-08-12,92.48999786376953,91.0199966430664,91.48999786376953,92.44000244140625,1346800,92.44000244140625
2016-08-15,94.22000122070312,92.30000305175781,92.9000015258789,93.11000061035156,1835300,93.11000061035156
2016-08-16,93.2300033569336,90.91000366210938,92.75,91.73999786376953,1481000,91.73999786376953
2016-08-17,94.05999755859375,91.0,92.13999938964844,93.30000305175781,1499300,93.30000305175781
2016-08-18,93.87999725341797,92.0199966430664,92.8499984741211,93.5199966430664,965500,93.5199966430664
2016-08-19,93.4000015258789,91.76000213623047,93.06999969482422,91.98999786376953,698600,91.98999786376953
2016-08-22,98.5,95.18000030517578,95.66999816894531,98.16999816894531,3985400,98.16999816894531
2016-08-23,99.94999694824219,97.44000244140625,99.11000061035156,99.43000030517578,1696100,99.43000030517578
2016-08-24,102.05999755859375,94.5,99.22000122070312,95.12999725341797,2482700,95.12999725341797
2016-08-25,96.97000122070312,92.3499984741211,95.75,94.97000122070312,1633100,94.97000122070312
2016-08-26,96.36000061035156,94.41999816894531,95.08999633789062,96.22000122070312,1294900,96.22000122070312
2016-08-29,96.79000091552734,94.87999725341797,96.26000213623047,95.73999786376953,800200,95.73999786376953
2016-08-30,96.61000061035156,94.83999633789062,95.75,94.94999694824219,712500,94.94999694824219
2016-08-31,95.94999694824219,93.0199966430664,95.29000091552734,93.88999938964844,1276000,93.88999938964844
2016-09-01,95.48999786376953,92.79000091552734,93.69999694824219,95.19000244140625,1012500,95.19000244140625
2016-09-02,96.48999786376953,93.86000061035156,95.30000305175781,95.7300033569336,801800,95.7300033569336
2016-09-06,97.6500015258789,94.91999816894531,95.95999908447266,95.58999633789062,1083000,95.58999633789062
2016-09-07,96.2300033569336,93.5999984741211,94.94999694824219,96.13999938964844,1475700,96.13999938964844
2016-09-08,98.22000122070312,95.04000091552734,96.08000183105469,97.44000244140625,1177200,97.44000244140625
2016-09-09,97.5,94.0199966430664,96.20999908447266,94.02999877929688,1295300,94.02999877929688
2016-09-12,96.52999877929688,93.0,93.33000183105469,96.23999786376953,1100500,96.23999786376953
2016-09-13,95.72000122070312,92.8499984741211,95.5999984741211,93.87999725341797,1222400,93.87999725341797
2016-09-14,96.73999786376953,93.79000091552734,94.5,95.30000305175781,1253300,95.30000305175781
2016-09-15,96.94000244140625,94.01000213623047,95.2300033569336,95.37999725341797,1014300,95.37999725341797
2016-09-16,97.22000122070312,94.0199966430664,94.81999969482422,96.86000061035156,2261600,96.86000061035156
2016-09-19,101.2699966430664,95.2300033569336,96.62000274658203,98.11000061035156,2106600,98.11000061035156
2016-09-20,99.4000015258789,97.5199966430664,98.97000122070312,97.94999694824219,926700,97.94999694824219
2016-09-21,99.97000122070312,95.0,97.97000122070312,97.56999969482422,1307800,97.56999969482422
2016-09-22,98.94000244140625,95.69000244140625,98.0,97.44999694824219,1053700,97.44999694824219
2016-09-23,99.70999908447266,96.62999725341797,96.62999725341797,97.4000015258789,812600,97.4000015258789
2016-09-26,97.5199966430664,95.43000030517578,96.86000061035156,95.87000274658203,823800,95.87000274658203
2016-09-27,97.19000244140625,94.25,95.43000030517578,97.05000305175781,1183700,97.05000305175781
2016-09-28,98.19000244140625,94.41999816894531,98.19000244140625,96.02999877929688,1194400,96.02999877929688
2016-09-29,96.16999816894531,92.43000030517578,96.0199966430664,92.77999877929688,1046400,92.77999877929688
2016-09-30,93.33000183105469,91.19999694824219,93.08000183105469,92.5199966430664,1476000,92.5199966430664
2016-10-03,94.48999786376953,91.19000244140625,91.9800033569336,94.33999633789062,1130500,94.33999633789062
2016-10-04,95.2699966430664,94.04000091552734,94.58999633789062,95.12999725341797,799700,95.12999725341797
2016-10-05,96.55000305175781,94.31999969482422,94.69000244140625,95.91999816894531,873100,95.91999816894531
2016-10-06,95.7699966430664,92.12000274658203,95.12999725341797,92.62999725341797,1239400,92.62999725341797
2016-10-07,93.91999816894531,91.55000305175781,93.19000244140625,93.51000213623047,863700,93.51000213623047
2016-10-10,94.9800033569336,92.41999816894531,94.06999969482422,93.55000305175781,673000,93.55000305175781
2016-10-11,93.66000366210938,90.72000122070312,93.08999633789062,91.66999816894531,1157100,91.66999816894531
2016-10-12,92.19999694824219,87.7300033569336,91.45999908447266,87.94999694824219,1013400,87.94999694824219
2016-10-13,88.45999908447266,86.0,86.30999755859375,86.87000274658203,1914000,86.87000274658203
2016-10-14,88.66999816894531,84.58000183105469,87.58000183105469,85.04000091552734,1238200,85.04000091552734
2016-10-17,85.5999984741211,82.19000244140625,84.83000183105469,85.44999694824219,1398900,85.44999694824219
2016-10-18,87.33999633789062,85.19999694824219,86.1500015258789,85.4000015258789,1036300,85.4000015258789
2016-10-19,86.43000030517578,83.6500015258789,85.3499984741211,84.31999969482422,749400,84.31999969482422
2016-10-20,85.62000274658203,83.70999908447266,84.41000366210938,84.19999694824219,1172400,84.19999694824219
2016-10-21,84.0199966430664,81.8499984741211,84.0,82.27999877929688,1037600,82.27999877929688
2016-10-24,82.88999938964844,81.44000244140625,82.66999816894531,82.13999938964844,895800,82.13999938964844
2016-10-25,82.27999877929688,80.54000091552734,82.27999877929688,80.95999908447266,779700,80.95999908447266
2016-10-26,82.5999984741211,81.0,81.26000213623047,81.75,951300,81.75
2016-10-27,83.38999938964844,80.30000305175781,82.29000091552734,81.0199966430664,1293700,81.0199966430664
2016-10-28,83.31999969482422,78.55999755859375,79.7300033569336,81.12999725341797,1923000,81.12999725341797
2016-10-31,81.26000213623047,80.0,81.26000213623047,80.5199966430664,1139300,80.5199966430664
2016-11-01,82.87999725341797,79.30999755859375,80.30000305175781,82.70999908447266,1182100,82.70999908447266
2016-11-02,82.70999908447266,80.7699966430664,82.37999725341797,80.9000015258789,1223700,80.9000015258789
2016-11-03,81.43000030517578,78.41999816894531,81.43000030517578,78.62000274658203,1471800,78.62000274658203
2016-11-04,84.58999633789062,78.75,79.6500015258789,82.0,2099000,82.0
2016-11-07,84.06999969482422,81.63999938964844,82.63999938964844,83.54000091552734,1882700,83.54000091552734
2016-11-08,84.45999908447266,82.12000274658203,82.79000091552734,83.43000030517578,1240200,83.43000030517578
2016-11-09,98.33999633789062,88.5199966430664,89.0,91.83000183105469,3871600,91.83000183105469
2016-11-10,95.55999755859375,91.45999908447266,92.80000305175781,93.54000091552734,2166200,93.54000091552734
2016-11-11,93.27999877929688,90.12000274658203,93.27999877929688,91.45999908447266,1243400,91.45999908447266
2016-11-14,93.8499984741211,90.12999725341797,91.77999877929688,92.91000366210938,1620400,92.91000366210938
2016-11-15,92.6500015258789,89.4000015258789,91.93000030517578,92.20999908447266,1167100,92.20999908447266
2016-11-16,92.30999755859375,89.30999755859375,91.61000061035156,89.4000015258789,935100,89.4000015258789
2016-11-17,92.30000305175781,88.69999694824219,89.1500015258789,90.73999786376953,1120100,90.73999786376953
2016-11-18,91.20999908447266,88.91999816894531,90.41999816894531,89.0,824700,89.0
2016-11-21,89.98999786376953,86.73999786376953,89.12999725341797,87.5,1132400,87.5
2016-11-22,88.30000305175781,84.41999816894531,87.51000213623047,85.43000030517578,1047000,85.43000030517578
2016-11-23,88.38999938964844,83.62000274658203,84.58999633789062,88.0999984741211,1299100,88.0999984741211
2016-11-25,89.0999984741211,86.5199966430664,88.05999755859375,89.0,647500,89.0
2016-11-28,89.0999984741211,87.01000213623047,89.0,88.36000061035156,1388600,88.36000061035156
2016-11-29,88.0,85.86000061035156,87.45999908447266,86.69999694824219,1116300,86.69999694824219
2016-11-30,87.9000015258789,85.52999877929688,86.63999938964844,85.62999725341797,1471500,85.62999725341797
2016-12-01,86.45999908447266,82.51000213623047,85.97000122070312,83.33000183105469,1194600,83.33000183105469
2016-12-02,84.0199966430664,81.88999938964844,83.38999938964844,82.20999908447266,1142500,82.20999908447266
2016-12-05,84.58999633789062,81.86000061035156,82.51000213623047,82.44999694824219,1702100,82.44999694824219
2016-12-06,83.4800033569336,81.88999938964844,82.98999786376953,82.98999786376953,1393600,82.98999786376953
2016-12-07,82.33999633789062,79.5,81.36000061035156,81.0199966430664,1814500,81.0199966430664
2016-12-08,83.72000122070312,80.5,81.69999694824219,83.51000213623047,1135200,83.51000213623047
2016-12-09,87.5199966430664,82.58000183105469,84.66999816894531,82.68000030517578,1843200,82.68000030517578
2016-12-12,82.75,80.66999816894531,82.37000274658203,82.01000213623047,1284300,82.01000213623047
2016-12-13,84.36000061035156,82.4000015258789,82.44000244140625,83.44000244140625,1136700,83.44000244140625
2016-12-14,85.61000061035156,82.72000122070312,83.26000213623047,85.58999633789062,1410300,85.58999633789062
2016-12-15,86.0999984741211,84.41000366210938,85.72000122070312,85.3499984741211,1300500,85.3499984741211
2016-12-16,86.4000015258789,84.75,85.31999969482422,85.36000061035156,2014900,85.36000061035156
2016-12-19,85.91000366210938,83.97000122070312,85.1500015258789,84.37999725341797,925300,84.37999725341797
2016-12-20,85.41999816894531,83.63999938964844,84.41000366210938,84.9800033569336,660200,84.9800033569336
2016-12-21,86.68000030517578,82.83999633789062,85.08999633789062,85.05000305175781,1712400,85.05000305175781
2016-12-22,85.20999908447266,82.88999938964844,84.91000366210938,83.54000091552734,988000,83.54000091552734
2016-12-23,86.0,83.05999755859375,83.05999755859375,85.66000366210938,715900,85.66000366210938
2016-12-27,87.61000061035156,85.01000213623047,86.0,85.08000183105469,655500,85.08000183105469
2016-12-28,86.58999633789062,83.73999786376953,85.08000183105469,84.1500015258789,927600,84.1500015258789
2016-12-29,84.70999908447266,82.97000122070312,83.83999633789062,83.3499984741211,811400,83.3499984741211
2016-12-30,83.73999786376953,81.5,83.3499984741211,82.83999633789062,1267200,82.83999633789062
2017-01-03,86.56999969482422,83.0,83.30000305175781,85.83999633789062,1298900,85.83999633789062
2017-01-04,87.5199966430664,85.51000213623047,86.95999908447266,86.87000274658203,1340600,86.87000274658203
2017-01-05,87.66999816894531,84.93000030517578,87.0,86.29000091552734,1083800,86.29000091552734
2017-01-06,87.97000122070312,86.12999725341797,87.19000244140625,86.8499984741211,776500,86.8499984741211
2017-01-09,92.19999694824219,87.51000213623047,89.79000091552734,91.02999877929688,2091600,91.02999877929688
2017-01-10,92.0,88.51000213623047,91.30999755859375,90.4000015258789,1146600,90.4000015258789
2017-01-11,90.37000274658203,84.66000366210938,89.83999633789062,86.06999969482422,2063700,86.06999969482422
2017-01-12,87.56999969482422,84.44999694824219,85.47000122070312,86.16000366210938,1309600,86.16000366210938
2017-01-13,88.12999725341797,85.91000366210938,86.16000366210938,86.91999816894531,1037700,86.91999816894531
2017-01-17,86.55000305175781,84.43000030517578,86.33999633789062,85.20999908447266,1167400,85.20999908447266
2017-01-18,87.25,85.69000244140625,86.19000244140625,87.16000366210938,944700,87.16000366210938
2017-01-19,87.33999633789062,85.87999725341797,86.9000015258789,86.1500015258789,875600,86.1500015258789
2017-01-20,87.5,84.36000061035156,86.69999694824219,84.62000274658203,1030800,84.62000274658203
2017-01-23,85.41000366210938,82.98999786376953,84.62000274658203,83.30000305175781,750200,83.30000305175781
2017-01-24,84.41999816894531,82.56999969482422,83.2699966430664,84.33999633789062,838500,84.33999633789062
2017-01-25,84.9800033569336,83.45999908447266,84.44000244140625,83.8499984741211,1110800,83.8499984741211
2017-01-26,85.4800033569336,83.87999725341797,84.0,85.27999877929688,1198800,85.27999877929688
2017-01-27,87.0,85.30999755859375,85.98999786376953,86.55999755859375,964400,86.55999755859375
2017-01-30,86.88999938964844,84.37999725341797,86.48999786376953,85.54000091552734,868900,85.54000091552734
2017-01-31,88.0999984741211,84.0,84.9000015258789,87.62999725341797,1129600,87.62999725341797
2017-02-01,89.1500015258789,87.44999694824219,87.79000091552734,88.58999633789062,1267400,88.58999633789062
2017-02-02,89.01000213623047,87.37999725341797,88.5,88.37999725341797,1008800,88.37999725341797
2017-02-03,89.80999755859375,88.31999969482422,89.2300033569336,88.80999755859375,954500,88.80999755859375
2017-02-06,88.94000244140625,87.9800033569336,88.56999969482422,88.73999786376953,893300,88.73999786376953
2017-02-07,90.19999694824219,88.12000274658203,90.0,88.91000366210938,857300,88.91000366210938
2017-02-08,91.2300033569336,87.83000183105469,88.69999694824219,90.9000015258789,1050800,90.9000015258789
2017-02-09,92.19000244140625,90.62000274658203,90.88999938964844,91.1500015258789,810000,91.1500015258789
2017-02-10,91.2699966430664,89.37000274658203,91.2300033569336,90.12999725341797,617500,90.12999725341797
2017-02-13,90.94000244140625,90.02999877929688,90.33000183105469,90.88999938964844,486300,90.88999938964844
2017-02-14,91.5999984741211,90.08999633789062,90.45999908447266,91.19000244140625,787200,91.19000244140625
2017-02-15,91.73999786376953,90.1500015258789,91.38999938964844,91.4800033569336,1037500,91.4800033569336
2017-02-16,92.41999816894531,89.87000274658203,91.7699966430664,90.52999877929688,1706500,90.52999877929688
2017-02-17,91.29000091552734,89.19999694824219,90.5,89.87000274658203,1290200,89.87000274658203
2017-02-21,90.44999694824219,89.41999816894531,90.23999786376953,90.23999786376953,1344800,90.23999786376953
2017-02-22,90.95999908447266,89.69000244140625,90.45999908447266,89.79000091552734,960500,89.79000091552734
2017-02-23,90.62000274658203,88.87000274658203,89.76000213623047,89.29000091552734,1175000,89.29000091552734
2017-02-24,88.81999969482422,85.87999725341797,87.98999786376953,87.51000213623047,2390300,87.51000213623047
2017-02-27,91.73999786376953,87.26000213623047,87.26000213623047,91.62000274658203,1340800,91.62000274658203
2017-02-28,94.05000305175781,91.20999908447266,91.5999984741211,93.93000030517578,2354300,93.93000030517578
2017-03-01,95.4800033569336,92.83999633789062,94.5,93.80999755859375,1974100,93.80999755859375
2017-03-02,95.79000091552734,93.0199966430664,93.5,93.41999816894531,1229100,93.41999816894531
2017-03-03,94.27999877929688,91.81999969482422,93.19000244140625,93.94999694824219,927900,93.94999694824219
2017-03-06,93.91000366210938,91.76000213623047,93.31999969482422,91.9000015258789,926100,91.9000015258789
2017-03-07,91.69000244140625,89.04000091552734,90.55999755859375,89.2300033569336,1070400,89.2300033569336
2017-03-08,90.69999694824219,89.0,89.23999786376953,90.4000015258789,940900,90.4000015258789
2017-03-09,91.16000366210938,89.79000091552734,90.18000030517578,90.95999908447266,536400,90.95999908447266
2017-03-10,92.5999984741211,90.56999969482422,91.08999633789062,92.52999877929688,874700,92.52999877929688
2017-03-13,93.45999908447266,91.9000015258789,92.68000030517578,93.12000274658203,759500,93.12000274658203
2017-03-14,92.7699966430664,90.69999694824219,92.7699966430664,91.6500015258789,710400,91.6500015258789
2017-03-15,92.5999984741211,90.93000030517578,91.41999816894531,92.5,893500,92.5
2017-03-16,93.16000366210938,90.18000030517578,92.7699966430664,90.95999908447266,1798700,90.95999908447266
2017-03-17,91.4000015258789,89.80000305175781,91.06999969482422,90.9000015258789,1003400,90.9000015258789
2017-03-20,91.05000305175781,89.44000244140625,90.97000122070312,90.0,890800,90.0
2017-03-21,90.5,86.86000061035156,90.19000244140625,87.02999877929688,1120100,87.02999877929688
2017-03-22,88.0,86.27999877929688,87.27999877929688,87.41999816894531,991900,87.41999816894531
2017-03-23,87.9000015258789,86.69000244140625,87.30999755859375,86.83999633789062,792400,86.83999633789062
2017-03-24,87.93000030517578,86.81999969482422,87.5199966430664,87.37000274658203,1121400,87.37000274658203
2017-03-27,88.36000061035156,86.70999908447266,86.83000183105469,88.2300033569336,679800,88.2300033569336
2017-03-28,89.58999633789062,88.0,88.18000030517578,89.0999984741211,919500,89.0999984741211
2017-03-29,89.8499984741211,89.01000213623047,89.1500015258789,89.58000183105469,690100,89.58000183105469
2017-03-30,89.7699966430664,87.19999694824219,89.76000213623047,89.12000274658203,978800,89.12000274658203
2017-03-31,89.06999969482422,87.63999938964844,88.93000030517578,87.77999877929688,974300,87.77999877929688
2017-04-03,88.69000244140625,86.55000305175781,87.55999755859375,86.62000274658203,1053000,86.62000274658203
2017-04-04,87.2699966430664,85.48999786376953,86.62999725341797,86.02999877929688,998100,86.02999877929688
2017-04-05,87.04000091552734,85.80000305175781,86.25,86.12000274658203,1227800,86.12000274658203
2017-04-06,86.95999908447266,85.44999694824219,85.44999694824219,86.88999938964844,1250100,86.88999938964844
2017-04-07,88.30000305175781,86.5999984741211,86.93000030517578,87.94999694824219,942400,87.94999694824219
2017-04-10,88.95999908447266,87.33999633789062,87.63999938964844,88.2300033569336,983100,88.2300033569336
2017-04-11,88.87999725341797,87.61000061035156,88.58999633789062,88.52999877929688,726000,88.52999877929688
2017-04-12,89.19000244140625,87.83999633789062,88.94000244140625,88.37999725341797,741700,88.37999725341797
2017-04-13,90.5,87.77999877929688,88.72000122070312,89.91000366210938,857300,89.91000366210938
2017-04-17,90.98999786376953,89.38999938964844,89.91000366210938,90.69999694824219,559300,90.69999694824219
2017-04-18,92.44999694824219,90.05999755859375,92.44999694824219,90.94999694824219,940800,90.94999694824219
2017-04-19,91.69999694824219,89.80000305175781,91.20999908447266,90.16999816894531,868900,90.16999816894531
2017-04-20,90.88999938964844,89.44999694824219,90.61000061035156,90.2300033569336,825500,90.2300033569336
2017-04-21,90.30999755859375,87.37999725341797,90.30999755859375,88.47000122070312,1456600,88.47000122070312
2017-04-24,94.94000244140625,90.23999786376953,90.4800033569336,93.5199966430664,3006400,93.5199966430664
2017-04-25,94.93000030517578,92.69000244140625,94.0,94.19000244140625,1366500,94.19000244140625
2017-04-26,96.20999908447266,93.95999908447266,94.6500015258789,96.06999969482422,1368400,96.06999969482422
2017-04-27,98.94999694824219,95.01000213623047,95.72000122070312,96.26000213623047,2471300,96.26000213623047
2017-04-28,97.0,95.0,96.93000030517578,95.83999633789062,1239600,95.83999633789062
2017-05-01,97.79000091552734,95.72000122070312,96.02999877929688,97.61000061035156,948400,97.61000061035156
2017-05-02,97.5999984741211,95.1500015258789,96.73999786376953,95.93000030517578,1152200,95.93000030517578
2017-05-03,96.48999786376953,94.76000213623047,96.0,95.94999694824219,1053200,95.94999694824219
2017-05-04,98.0,95.97000122070312,96.36000061035156,97.77999877929688,1250700,97.77999877929688
2017-05-05,100.51000213623047,94.05000305175781,99.0,94.2300033569336,2402800,94.2300033569336
2017-05-08,94.3499984741211,90.36000061035156,93.16999816894531,90.72000122070312,1914700,90.72000122070312
2017-05-09,91.48999786376953,90.08999633789062,90.80000305175781,91.1500015258789,1265000,91.1500015258789
2017-05-10,91.12000274658203,89.66999816894531,91.12000274658203,90.0199966430664,750800,90.0199966430664
2017-05-11,90.22000122070312,88.36000061035156,90.0,89.30999755859375,750900,89.30999755859375
2017-05-12,90.45999908447266,88.80999755859375,89.2300033569336,89.8499984741211,734800,89.8499984741211
2017-05-15,92.01000213623047,89.55000305175781,89.62000274658203,91.5,1992500,91.5
2017-05-16,92.94000244140625,90.87999725341797,91.5,92.44999694824219,930600,92.44999694824219
2017-05-17,92.48999786376953,89.61000061035156,91.7300033569336,89.7699966430664,709100,89.7699966430664
2017-05-18,91.26000213623047,89.05999755859375,90.19000244140625,89.98999786376953,1193000,89.98999786376953
2017-05-19,90.9000015258789,89.1500015258789,90.88999938964844,89.2300033569336,700200,89.2300033569336
2017-05-22,90.7300033569336,88.80999755859375,89.2699966430664,90.48999786376953,731600,90.48999786376953
2017-05-23,90.70999908447266,88.13999938964844,90.70999908447266,88.36000061035156,881400,88.36000061035156
2017-05-24,88.54000091552734,87.1500015258789,88.37999725341797,88.02999877929688,1336600,88.02999877929688
2017-05-25,89.1500015258789,87.1500015258789,89.1500015258789,87.33000183105469,835400,87.33000183105469
2017-05-26,88.6500015258789,87.6500015258789,87.6500015258789,88.0,933800,88.0
2017-05-30,88.51000213623047,87.5,88.18000030517578,87.88999938964844,869300,87.88999938964844
2017-05-31,88.94999694824219,86.5199966430664,88.29000091552734,87.63999938964844,1734800,87.63999938964844
2017-06-01,90.30000305175781,87.52999877929688,87.52999877929688,90.0,1562500,90.0
2017-06-02,91.02999877929688,89.66000366210938,89.69999694824219,90.72000122070312,1079800,90.72000122070312
2017-06-05,91.48999786376953,90.20999908447266,90.55999755859375,90.91999816894531,632900,90.91999816894531
2017-06-06,91.61000061035156,89.37999725341797,90.01000213623047,89.5999984741211,742900,89.5999984741211
2017-06-07,90.79000091552734,89.19999694824219,89.61000061035156,90.29000091552734,744900,90.29000091552734
2017-06-08,90.33000183105469,88.97000122070312,89.75,89.98999786376953,707000,89.98999786376953
2017-06-09,91.5,89.45999908447266,90.0199966430664,90.2300033569336,1202100,90.2300033569336
2017-06-12,91.48999786376953,88.04000091552734,89.91999816894531,89.08000183105469,990100,89.08000183105469
2017-06-13,90.94999694824219,88.33999633789062,88.86000061035156,90.38999938964844,818800,90.38999938964844
2017-06-14,93.58000183105469,90.18000030517578,90.43000030517578,91.91999816894531,1224800,91.91999816894531
2017-06-15,92.05000305175781,89.77999877929688,91.91999816894531,90.47000122070312,1297400,90.47000122070312
2017-06-16,90.0,88.0,90.0,88.48999786376953,1833300,88.48999786376953
2017-06-19,91.58000183105469,88.45999908447266,89.27999877929688,91.3499984741211,1327700,91.3499984741211
2017-06-20,93.16999816894531,90.69999694824219,91.25,92.36000061035156,1462700,92.36000061035156
2017-06-21,98.91999816894531,92.56999969482422,92.72000122070312,98.81999969482422,2684400,98.81999969482422
2017-06-22,100.02999877929688,97.0,99.22000122070312,97.05999755859375,1837200,97.05999755859375
2017-06-23,97.02999877929688,94.5,96.5999984741211,95.0,2490600,95.0
2017-06-26,95.58000183105469,93.20999908447266,95.0999984741211,93.47000122070312,1040000,93.47000122070312
2017-06-27,94.16999816894531,89.5,93.30999755859375,89.62999725341797,1580900,89.62999725341797
2017-06-28,92.88999938964844,89.08999633789062,90.3499984741211,92.62999725341797,1841900,92.62999725341797
2017-06-29,92.2699966430664,88.55000305175781,92.2699966430664,90.0199966430664,1367200,90.0199966430664
2017-06-30,91.05000305175781,88.52999877929688,90.87000274658203,90.81999969482422,1277000,90.81999969482422
2017-07-03,91.87999725341797,90.05000305175781,91.12000274658203,90.51000213623047,443200,90.51000213623047
2017-07-05,92.05999755859375,89.72000122070312,90.5199966430664,92.01000213623047,1202800,92.01000213623047
2017-07-06,92.05000305175781,89.36000061035156,91.31999969482422,90.08000183105469,1261300,90.08000183105469
2017-07-07,90.94999694824219,89.66999816894531,90.4000015258789,90.51000213623047,813600,90.51000213623047
2017-07-10,91.4800033569336,89.0,90.58999633789062,89.80000305175781,1017300,89.80000305175781
2017-07-11,91.94000244140625,89.20999908447266,91.86000061035156,90.91999816894531,1794300,90.91999816894531
2017-07-12,91.48999786376953,88.5999984741211,91.45999908447266,89.56999969482422,1404500,89.56999969482422
2017-07-13,91.72000122070312,89.08999633789062,90.47000122070312,91.05999755859375,1504500,91.05999755859375
2017-07-14,91.44999694824219,90.51000213623047,91.41000366210938,91.0,766600,91.0
2017-07-17,91.19999694824219,86.83999633789062,90.97000122070312,86.9800033569336,2752600,86.9800033569336
2017-07-18,87.80999755859375,86.01000213623047,87.02999877929688,86.66999816894531,1856400,86.66999816894531
2017-07-19,88.5999984741211,86.44999694824219,87.62999725341797,87.2300033569336,1203600,87.2300033569336
2017-07-20,88.19000244140625,86.8499984741211,87.51000213623047,87.73999786376953,1350900,87.73999786376953
2017-07-21,89.54000091552734,87.5199966430664,87.79000091552734,89.27999877929688,1138000,89.27999877929688
2017-07-24,90.18000030517578,88.69999694824219,89.12000274658203,90.01000213623047,830700,90.01000213623047
2017-07-25,90.5,88.33000183105469,90.5,88.62999725341797,1004900,88.62999725341797
2017-07-26,89.80999755859375,88.2300033569336,88.83000183105469,89.19999694824219,1031600,89.19999694824219
2017-07-27,89.7699966430664,86.75,89.13999938964844,87.31999969482422,1654000,87.31999969482422
2017-07-28,88.5999984741211,87.02999877929688,87.43000030517578,88.33999633789062,731600,88.33999633789062
2017-07-31,88.72000122070312,87.37000274658203,88.30000305175781,87.7300033569336,739600,87.7300033569336
2017-08-01,88.43000030517578,86.5999984741211,88.11000061035156,88.0199966430664,1517800,88.0199966430664
2017-08-02,87.79000091552734,85.9000015258789,87.0,87.63999938964844,1689900,87.63999938964844
2017-08-03,90.75,86.86000061035156,88.0,89.5199966430664,1709500,89.5199966430664
2017-08-04,89.98999786376953,88.5999984741211,89.81999969482422,89.69999694824219,897700,89.69999694824219
2017-08-07,90.05000305175781,89.05000305175781,89.81999969482422,89.05000305175781,931800,89.05000305175781
2017-08-08,86.75,84.63999938964844,86.41000366210938,85.45999908447266,3841700,85.45999908447266
2017-08-09,85.91000366210938,83.77999877929688,85.02999877929688,85.16000366210938,2041700,85.16000366210938
2017-08-10,84.97000122070312,81.83000183105469,84.66000366210938,81.95999908447266,1637400,81.95999908447266
2017-08-11,83.43000030517578,80.88999938964844,81.76000213623047,82.4000015258789,1226100,82.4000015258789
2017-08-14,83.38999938964844,82.62000274658203,83.18000030517578,83.16999816894531,957200,83.16999816894531
2017-08-15,83.83000183105469,82.58000183105469,83.43000030517578,83.08000183105469,998500,83.08000183105469
2017-08-16,83.95999908447266,82.79000091552734,83.58000183105469,83.06999969482422,1300500,83.06999969482422
2017-08-17,83.18000030517578,80.80999755859375,83.18000030517578,80.9800033569336,1384800,80.9800033569336
2017-08-18,81.62000274658203,80.76000213623047,80.80999755859375,80.91999816894531,1117200,80.91999816894531
2017-08-21,81.41000366210938,80.37000274658203,80.98999786376953,80.5999984741211,568300,80.5999984741211
2017-08-22,81.75,80.52999877929688,80.9000015258789,81.45999908447266,799600,81.45999908447266
2017-08-23,81.9000015258789,80.29000091552734,81.08000183105469,81.4000015258789,846200,81.4000015258789
2017-08-24,82.55999755859375,80.83000183105469,81.54000091552734,82.44999694824219,779100,82.44999694824219
2017-08-25,82.83000183105469,81.73999786376953,82.66999816894531,81.87999725341797,1128100,81.87999725341797
2017-08-28,83.2300033569336,81.91000366210938,82.62000274658203,82.58000183105469,852000,82.58000183105469
2017-08-29,83.5,81.66999816894531,81.97000122070312,82.9800033569336,723800,82.9800033569336
2017-08-30,88.94999694824219,83.62000274658203,83.76000213623047,87.6500015258789,2607900,87.6500015258789
2017-08-31,90.22000122070312,88.06999969482422,88.2699966430664,90.19000244140625,2077700,90.19000244140625
2017-09-01,91.19999694824219,89.66999816894531,90.0199966430664,90.66999816894531,1639900,90.66999816894531
2017-09-05,91.19999694824219,89.69999694824219,90.30000305175781,90.48999786376953,1684300,90.48999786376953
2017-09-06,91.4000015258789,88.83000183105469,90.31999969482422,89.83999633789062,2298500,89.83999633789062
2017-09-07,90.69000244140625,89.3499984741211,89.69999694824219,90.43000030517578,1545600,90.43000030517578
2017-09-08,90.9000015258789,89.37000274658203,90.44999694824219,90.0999984741211,1227100,90.0999984741211
2017-09-11,90.9000015258789,89.56999969482422,90.33000183105469,90.36000061035156,838100,90.36000061035156
2017-09-12,92.08999633789062,90.05000305175781,90.5999984741211,91.91000366210938,1220900,91.91000366210938
2017-09-13,93.31999969482422,91.29000091552734,91.83999633789062,92.75,1877200,92.75
2017-09-14,93.31999969482422,91.12000274658203,92.58999633789062,91.2300033569336,1552800,91.2300033569336
2017-09-15,92.5999984741211,89.9800033569336,91.26000213623047,91.91000366210938,1764100,91.91000366210938
2017-09-18,92.98999786376953,91.52999877929688,91.83000183105469,91.9800033569336,1231500,91.9800033569336
2017-09-19,93.0,91.69000244140625,92.05999755859375,92.0999984741211,887600,92.0999984741211
2017-09-20,93.20999908447266,91.4000015258789,92.12999725341797,92.56999969482422,1154100,92.56999969482422
2017-09-21,95.31999969482422,92.06999969482422,92.36000061035156,93.41999816894531,2426200,93.41999816894531
2017-09-22,95.0199966430664,92.66000366210938,93.18000030517578,94.94999694824219,1210900,94.94999694824219
2017-09-25,95.44999694824219,92.6500015258789,94.7300033569336,94.38999938964844,1696300,94.38999938964844
2017-09-26,94.66999816894531,92.80999755859375,94.26000213623047,93.19999694824219,800700,93.19999694824219
2017-09-27,93.94999694824219,92.58999633789062,93.3499984741211,92.70999908447266,855600,92.70999908447266
2017-09-28,93.04000091552734,91.91000366210938,92.05999755859375,92.97000122070312,1166000,92.97000122070312
2017-09-29,93.66000366210938,92.62000274658203,92.9800033569336,93.06999969482422,874700,93.06999969482422
2017-10-02,94.62000274658203,92.94000244140625,93.5199966430664,93.7300033569336,1577500,93.7300033569336
2017-10-03,94.38999938964844,92.77999877929688,93.91000366210938,93.20999908447266,929400,93.20999908447266
2017-10-04,93.47000122070312,92.4800033569336,93.02999877929688,93.19999694824219,629500,93.19999694824219
2017-10-05,94.94000244140625,92.5199966430664,93.30000305175781,94.41999816894531,1189000,94.41999816894531
2017-10-06,95.70999908447266,93.68000030517578,94.36000061035156,94.80999755859375,681300,94.80999755859375
2017-10-09,95.86000061035156,94.38999938964844,94.76000213623047,95.0199966430664,719300,95.0199966430664
2017-10-10,96.05000305175781,94.11000061035156,95.36000061035156,94.33000183105469,1007600,94.33000183105469
2017-10-11,95.1500015258789,93.58000183105469,93.88999938964844,94.93000030517578,1407800,94.93000030517578
2017-10-12,95.88999938964844,94.05999755859375,94.95999908447266,95.12999725341797,1286600,95.12999725341797
2017-10-13,95.86000061035156,93.73999786376953,95.2300033569336,95.12000274658203,657200,95.12000274658203
2017-10-16,96.05000305175781,94.55999755859375,95.12999725341797,94.66000366210938,747800,94.66000366210938
2017-10-17,95.91000366210938,93.44000244140625,95.0999984741211,93.54000091552734,1099700,93.54000091552734
2017-10-18,94.76000213623047,86.9000015258789,93.4000015258789,88.62000274658203,3827600,88.62000274658203
2017-10-19,89.94999694824219,87.58999633789062,89.19000244140625,88.12999725341797,2020300,88.12999725341797
2017-10-20,88.73999786376953,86.7699966430664,87.7699966430664,87.75,1329200,87.75
2017-10-23,88.45999908447266,85.93000030517578,88.2699966430664,86.45999908447266,1460000,86.45999908447266
2017-10-24,86.73999786376953,85.02999877929688,86.62999725341797,86.29000091552734,1249100,86.29000091552734
2017-10-25,86.45999908447266,84.62999725341797,86.0999984741211,84.79000091552734,1215500,84.79000091552734
2017-10-26,85.06999969482422,81.72000122070312,85.06999969482422,82.52999877929688,2587500,82.52999877929688
2017-10-27,85.4800033569336,82.05000305175781,82.5199966430664,83.1500015258789,2491800,83.1500015258789
2017-10-30,83.7300033569336,81.7300033569336,82.7300033569336,81.97000122070312,1514100,81.97000122070312
2017-10-31,82.94999694824219,81.2300033569336,82.3499984741211,82.08999633789062,1438600,82.08999633789062
2017-11-01,82.87999725341797,80.5999984741211,82.56999969482422,80.91999816894531,1964500,80.91999816894531
2017-11-02,83.04000091552734,80.9000015258789,80.9000015258789,82.73999786376953,1443500,82.73999786376953
2017-11-03,84.22000122070312,82.0,82.5199966430664,84.12999725341797,1025400,84.12999725341797
2017-11-06,84.26000213623047,82.55000305175781,83.75,82.95999908447266,1512200,82.95999908447266
2017-11-07,83.94000244140625,82.25,83.4000015258789,83.7699966430664,1351200,83.7699966430664
2017-11-08,83.83000183105469,82.41000366210938,83.83000183105469,82.80999755859375,1054000,82.80999755859375
2017-11-09,83.55999755859375,81.5,82.31999969482422,82.4000015258789,1821700,82.4000015258789
2017-11-10,82.12999725341797,80.7699966430664,81.66999816894531,82.02999877929688,842200,82.02999877929688
2017-11-13,82.02999877929688,81.05000305175781,82.0199966430664,81.05999755859375,1133200,81.05999755859375
2017-11-14,81.77999877929688,80.77999877929688,81.05999755859375,81.41000366210938,1473800,81.41000366210938
2017-11-15,81.97000122070312,80.58000183105469,81.81999969482422,81.80999755859375,1178700,81.80999755859375
2017-11-16,82.95999908447266,81.62000274658203,81.87000274658203,82.55999755859375,848400,82.55999755859375
2017-11-17,83.36000061035156,82.12999725341797,82.55999755859375,82.87999725341797,970900,82.87999725341797
2017-11-20,83.63999938964844,82.63999938964844,82.87999725341797,82.94999694824219,1124000,82.94999694824219
2017-11-21,83.7699966430664,82.77999877929688,83.01000213623047,82.91000366210938,599800,82.91000366210938
2017-11-22,83.72000122070312,82.70999908447266,83.19000244140625,82.98999786376953,481800,82.98999786376953
2017-11-24,83.91000366210938,82.6500015258789,82.66000366210938,82.70999908447266,243800,82.70999908447266
2017-11-27,83.13999938964844,82.19000244140625,82.83000183105469,82.95999908447266,722600,82.95999908447266
2017-11-28,82.9800033569336,81.56999969482422,82.9800033569336,82.55999755859375,904600,82.55999755859375
2017-11-29,84.7699966430664,82.33999633789062,82.44000244140625,83.2699966430664,880600,83.2699966430664
2017-11-30,86.30000305175781,83.4800033569336,83.48999786376953,85.80000305175781,1102000,85.80000305175781
2017-12-01,87.08000183105469,84.7300033569336,85.16000366210938,85.0,1068400,85.0
2017-12-04,86.45999908447266,83.5199966430664,85.31999969482422,83.62000274658203,736500,83.62000274658203
2017-12-05,83.9000015258789,80.5999984741211,83.33999633789062,80.76000213623047,1211300,80.76000213623047
2017-12-06,81.69000244140625,80.0999984741211,80.87000274658203,80.81999969482422,1191100,80.81999969482422
2017-12-07,81.7699966430664,80.5,80.8499984741211,80.9000015258789,1232600,80.9000015258789
2017-12-08,83.13999938964844,81.19999694824219,81.4800033569336,81.98999786376953,1039300,81.98999786376953
2017-12-11,90.5199966430664,86.88999938964844,89.48999786376953,88.11000061035156,4137700,88.11000061035156
2017-12-12,89.55000305175781,86.36000061035156,87.5,87.37999725341797,1893300,87.37999725341797
2017-12-13,89.2699966430664,86.43000030517578,87.30000305175781,88.66000366210938,1367300,88.66000366210938
2017-12-14,90.0,88.22000122070312,90.0,88.52999877929688,1218600,88.52999877929688
2017-12-15,93.0199966430664,88.5,90.4000015258789,93.0199966430664,2957300,93.0199966430664
2017-12-18,93.73999786376953,91.79000091552734,93.0,92.5999984741211,1158100,92.5999984741211
2017-12-19,92.52999877929688,90.4000015258789,92.43000030517578,90.8499984741211,1082600,90.8499984741211
2017-12-20,91.31999969482422,90.20999908447266,90.66000366210938,91.11000061035156,874400,91.11000061035156
2017-12-21,92.5,90.91999816894531,91.11000061035156,91.55000305175781,615700,91.55000305175781
2017-12-22,91.36000061035156,89.51000213623047,90.91000366210938,90.45999908447266,955400,90.45999908447266
2017-12-26,90.9000015258789,89.41000366210938,90.05000305175781,90.81999969482422,516600,90.81999969482422
2017-12-27,91.43000030517578,90.01000213623047,90.9000015258789,90.72000122070312,592400,90.72000122070312
2017-12-28,90.98999786376953,88.68000030517578,90.9800033569336,90.4800033569336,952500,90.4800033569336
2017-12-29,90.45999908447266,88.91999816894531,90.08000183105469,89.16999816894531,799400,89.16999816894531
2018-01-02,91.30000305175781,88.19000244140625,88.83999633789062,91.02999877929688,1299000,91.02999877929688
2018-01-03,93.44000244140625,90.5999984741211,91.58000183105469,92.08000183105469,1136400,92.08000183105469
2018-01-04,93.13999938964844,89.80000305175781,92.83999633789062,90.31999969482422,1876300,90.31999969482422
2018-01-05,91.30999755859375,89.58000183105469,91.18000030517578,90.2699966430664,789300,90.2699966430664
2018-01-08,90.30000305175781,88.5199966430664,90.20999908447266,88.63999938964844,1434200,88.63999938964844
2018-01-09,89.62999725341797,88.26000213623047,89.30999755859375,89.13999938964844,1485000,89.13999938964844
2018-01-10,89.0,87.19999694824219,88.97000122070312,88.37000274658203,1431700,88.37000274658203
2018-01-11,90.47000122070312,88.11000061035156,88.51000213623047,89.9800033569336,1267500,89.9800033569336
2018-01-12,91.0,89.5999984741211,91.0,90.22000122070312,874400,90.22000122070312
2018-01-16,92.0,90.0999984741211,90.58000183105469,90.23999786376953,1427400,90.23999786376953
2018-01-17,91.08999633789062,88.4800033569336,90.76000213623047,89.63999938964844,1169800,89.63999938964844
2018-01-18,90.62000274658203,88.87999725341797,89.69000244140625,89.77999877929688,1166900,89.77999877929688
2018-01-19,90.04000091552734,88.9800033569336,89.55000305175781,89.12000274658203,984500,89.12000274658203
2018-01-22,92.02999877929688,89.0,90.0,91.70999908447266,2402200,91.70999908447266
2018-01-23,93.29000091552734,92.06999969482422,92.52999877929688,92.38999938964844,1379200,92.38999938964844
2018-01-24,92.97000122070312,90.33000183105469,92.88999938964844,91.29000091552734,1451000,91.29000091552734
2018-01-25,91.91999816894531,90.20999908447266,91.7300033569336,90.55999755859375,947500,90.55999755859375
2018-01-26,91.7300033569336,90.63999938964844,90.6500015258789,91.5999984741211,856600,91.5999984741211
2018-01-29,92.61000061035156,91.13999938964844,91.52999877929688,92.2300033569336,1231400,92.2300033569336
2018-01-30,92.0199966430664,89.73999786376953,91.55000305175781,90.12999725341797,1304900,90.12999725341797
2018-01-31,90.69999694824219,89.62000274658203,90.0199966430664,90.2300033569336,1330900,90.2300033569336
2018-02-01,93.08999633789062,89.25,89.37999725341797,92.62999725341797,1866000,92.62999725341797
2018-02-02,92.23999786376953,90.30999755859375,92.19000244140625,90.81999969482422,1391300,90.81999969482422
2018-02-05,91.05999755859375,87.27999877929688,90.5999984741211,87.41000366210938,2175000,87.41000366210938
2018-02-06,87.44999694824219,84.69999694824219,86.43000030517578,86.93000030517578,1926000,86.93000030517578
2018-02-07,87.16000366210938,84.79000091552734,86.62999725341797,85.0,2069800,85.0
2018-02-08,86.19000244140625,82.11000061035156,84.83999633789062,82.16000366210938,1440400,82.16000366210938
2018-02-09,82.56999969482422,78.5,82.56999969482422,80.33000183105469,2215800,80.33000183105469
2018-02-12,84.19999694824219,81.01000213623047,81.0999984741211,83.27999877929688,1564500,83.27999877929688
2018-02-13,82.95999908447266,81.20999908447266,82.4800033569336,81.56999969482422,1148500,81.56999969482422
2018-02-14,84.79000091552734,80.9800033569336,80.9800033569336,84.54000091552734,1436900,84.54000091552734
2018-02-15,85.5999984741211,83.87000274658203,85.0199966430664,85.12000274658203,786800,85.12000274658203
2018-02-16,85.97000122070312,84.3499984741211,85.30000305175781,84.9800033569336,779400,84.9800033569336
2018-02-20,85.02999877929688,81.7699966430664,81.7699966430664,83.8499984741211,828500,83.8499984741211
2018-02-21,85.33000183105469,84.06999969482422,84.29000091552734,84.20999908447266,781500,84.20999908447266
2018-02-22,84.83000183105469,83.4000015258789,84.58000183105469,84.0,1399500,84.0
2018-02-23,86.30999755859375,81.19999694824219,85.22000122070312,83.05000305175781,2130500,83.05000305175781
2018-02-26,84.66000366210938,82.63999938964844,83.47000122070312,84.04000091552734,847600,84.04000091552734
2018-02-27,85.4000015258789,82.94999694824219,83.83999633789062,83.01000213623047,924600,83.01000213623047
2018-02-28,83.18000030517578,81.1500015258789,82.95999908447266,81.16999816894531,1102200,81.16999816894531
2018-03-01,81.87999725341797,77.05000305175781,81.29000091552734,77.66999816894531,2769400,77.66999816894531
2018-03-02,80.36000061035156,77.30000305175781,77.31999969482422,79.86000061035156,1810700,79.86000061035156
2018-03-05,80.95999908447266,78.5,79.04000091552734,80.79000091552734,1128200,80.79000091552734
2018-03-06,82.62000274658203,80.62999725341797,81.19999694824219,82.37000274658203,1168500,82.37000274658203
2018-03-07,83.6500015258789,81.0,81.61000061035156,82.9800033569336,1318200,82.9800033569336
2018-03-08,83.41000366210938,81.38999938964844,82.80000305175781,81.8499984741211,894000,81.8499984741211
2018-03-09,83.94000244140625,81.80999755859375,82.38999938964844,83.80999755859375,1286400,83.80999755859375
2018-03-12,85.5999984741211,82.45999908447266,83.61000061035156,85.45999908447266,1193600,85.45999908447266
2018-03-13,86.47000122070312,85.31999969482422,85.5999984741211,86.16000366210938,1518100,86.16000366210938
2018-03-14,86.73999786376953,84.4800033569336,86.66999816894531,85.94999694824219,883800,85.94999694824219
2018-03-15,86.05999755859375,83.29000091552734,86.05999755859375,83.56999969482422,1381900,83.56999969482422
2018-03-16,84.18000030517578,82.69999694824219,83.87999725341797,84.0999984741211,1732200,84.0999984741211
2018-03-19,84.18000030517578,82.69000244140625,83.54000091552734,83.81999969482422,1966800,83.81999969482422
2018-03-20,84.41999816894531,83.05000305175781,83.81999969482422,84.25,894900,84.25
2018-03-21,86.55000305175781,83.58000183105469,83.9000015258789,86.06999969482422,1366200,86.06999969482422
2018-03-22,85.7300033569336,81.27999877929688,84.94000244140625,81.36000061035156,1235000,81.36000061035156
2018-03-23,81.93000030517578,78.66000366210938,81.3499984741211,78.83999633789062,1604600,78.83999633789062
2018-03-26,80.62000274658203,77.29000091552734,80.29000091552734,80.30000305175781,1546200,80.30000305175781
2018-03-27,80.88999938964844,77.58000183105469,80.72000122070312,78.04000091552734,1192400,78.04000091552734
2018-03-28,80.0999984741211,77.29000091552734,78.19000244140625,79.62000274658203,1132100,79.62000274658203
2018-03-29,81.62999725341797,79.23999786376953,79.69000244140625,81.06999969482422,1099500,81.06999969482422
2018-04-02,80.41999816894531,76.66999816894531,80.12000274658203,77.29000091552734,1501000,77.29000091552734
2018-04-03,78.23999786376953,76.2699966430664,77.93000030517578,77.41999816894531,1033800,77.41999816894531
2018-04-04,79.29000091552734,76.3499984741211,76.44000244140625,79.13999938964844,863600,79.13999938964844
2018-04-05,80.05000305175781,78.68000030517578,80.05000305175781,78.69999694824219,783200,78.69999694824219
2018-04-06,78.72000122070312,75.80999755859375,77.95999908447266,76.01000213623047,1288600,76.01000213623047
2018-04-09,79.77999877929688,76.7699966430664,77.52999877929688,78.6500015258789,1336900,78.6500015258789
2018-04-10,80.68000030517578,78.7300033569336,79.44999694824219,79.83000183105469,1224700,79.83000183105469
2018-04-11,80.41000366210938,79.19999694824219,79.19999694824219,79.4800033569336,1399600,79.4800033569336
2018-04-12,84.30999755859375,78.98999786376953,79.8499984741211,83.88999938964844,2314600,83.88999938964844
2018-04-13,84.58999633789062,81.97000122070312,84.58999633789062,83.58999633789062,1402800,83.58999633789062
2018-04-16,84.30999755859375,82.29000091552734,84.27999877929688,82.69000244140625,910800,82.69000244140625
2018-04-17,85.4000015258789,82.77999877929688,83.25,84.44999694824219,1036500,84.44999694824219
2018-04-18,84.91000366210938,84.04000091552734,84.48999786376953,84.41999816894531,1112200,84.41999816894531
2018-04-19,85.81999969482422,82.95999908447266,84.05999755859375,83.62000274658203,1374000,83.62000274658203
2018-04-20,84.48999786376953,81.0999984741211,83.54000091552734,82.30000305175781,2278700,82.30000305175781
2018-04-23,83.06999969482422,81.62999725341797,82.1500015258789,82.08000183105469,875600,82.08000183105469
2018-04-24,83.48999786376953,80.9000015258789,82.91000366210938,81.12999725341797,907100,81.12999725341797
2018-04-25,82.16000366210938,80.30999755859375,81.0199966430664,81.52999877929688,1251800,81.52999877929688
2018-04-26,84.43000030517578,80.02999877929688,81.91999816894531,82.51000213623047,1641400,82.51000213623047
2018-04-27,84.69999694824219,82.30000305175781,82.47000122070312,84.30999755859375,1475300,84.30999755859375
2018-04-30,85.9800033569336,83.23999786376953,84.70999908447266,83.51000213623047,1783300,83.51000213623047
2018-05-01,86.30000305175781,83.19000244140625,83.47000122070312,86.16000366210938,1442800,86.16000366210938
2018-05-02,85.7300033569336,82.30999755859375,85.69000244140625,82.37000274658203,1647800,82.37000274658203
2018-05-03,83.1500015258789,81.5199966430664,82.0199966430664,82.30000305175781,770300,82.30000305175781
2018-05-04,85.97000122070312,82.30000305175781,82.4000015258789,85.37999725341797,1480500,85.37999725341797
2018-05-07,87.22000122070312,85.41999816894531,85.95999908447266,86.97000122070312,1195400,86.97000122070312
2018-05-08,87.33000183105469,86.33000183105469,86.6500015258789,86.80999755859375,878800,86.80999755859375
2018-05-09,88.72000122070312,86.0199966430664,86.76000213623047,88.44999694824219,1043400,88.44999694824219
2018-05-10,90.23999786376953,88.94000244140625,89.1500015258789,89.4000015258789,2356100,89.4000015258789
2018-05-11,89.97000122070312,87.55000305175781,89.43000030517578,88.41000366210938,1862600,88.41000366210938
2018-05-14,89.97000122070312,88.26000213623047,88.69000244140625,89.54000091552734,1173900,89.54000091552734
2018-05-15,88.79000091552734,87.62999725341797,88.7699966430664,88.69999694824219,820800,88.69999694824219
2018-05-16,89.9800033569336,88.56999969482422,89.12999725341797,89.5199966430664,690300,89.5199966430664
2018-05-17,89.29000091552734,87.61000061035156,89.04000091552734,88.43000030517578,725700,88.43000030517578
2018-05-18,89.41999816894531,87.27999877929688,88.83000183105469,88.87999725341797,803300,88.87999725341797
2018-05-21,90.8499984741211,88.9800033569336,89.05999755859375,89.36000061035156,962500,89.36000061035156
2018-05-22,88.18000030517578,84.0199966430664,87.0,87.61000061035156,3827900,87.61000061035156
2018-05-23,89.88999938964844,86.69999694824219,86.94000244140625,88.45999908447266,1230900,88.45999908447266
2018-05-24,89.9000015258789,88.16999816894531,88.98999786376953,88.27999877929688,1130600,88.27999877929688
2018-05-25,92.87000274658203,90.2699966430664,90.5999984741211,92.48999786376953,3444000,92.48999786376953
2018-05-29,91.93000030517578,89.94000244140625,91.68000030517578,90.54000091552734,1082500,90.54000091552734
2018-05-30,91.06999969482422,89.47000122070312,90.87999725341797,90.5999984741211,1225000,90.5999984741211
2018-05-31,91.19999694824219,89.83000183105469,90.5999984741211,90.33999633789062,1232000,90.33999633789062
2018-06-01,92.79000091552734,89.9000015258789,90.68000030517578,91.91999816894531,1287600,91.91999816894531
2018-06-04,92.2699966430664,90.54000091552734,91.80000305175781,92.06999969482422,548300,92.06999969482422
2018-06-05,92.87999725341797,90.69000244140625,92.20999908447266,92.12999725341797,937000,92.12999725341797
2018-06-06,92.69999694824219,91.62000274658203,92.3499984741211,92.23999786376953,1142900,92.23999786376953
2018-06-07,92.86000061035156,90.29000091552734,92.80000305175781,91.01000213623047,924200,91.01000213623047
2018-06-08,91.05999755859375,89.87000274658203,90.51000213623047,90.63999938964844,965000,90.63999938964844
2018-06-11,90.7699966430664,89.72000122070312,90.30999755859375,89.79000091552734,862600,89.79000091552734
2018-06-12,90.83999633789062,89.36000061035156,89.79000091552734,90.0,1018200,90.0
2018-06-13,90.38999938964844,88.52999877929688,90.33000183105469,88.97000122070312,830700,88.97000122070312
2018-06-14,90.25,88.19999694824219,89.5,89.9800033569336,1284200,89.9800033569336
2018-06-15,98.80000305175781,90.0,90.43000030517578,97.5999984741211,4738000,97.5999984741211
2018-06-18,97.41999816894531,94.3499984741211,95.19999694824219,95.58000183105469,1995500,95.58000183105469
2018-06-19,96.86000061035156,94.30000305175781,95.0,95.62000274658203,1695200,95.62000274658203
2018-06-20,98.56999969482422,95.08000183105469,95.94000244140625,98.33999633789062,1251200,98.33999633789062
2018-06-21,98.80000305175781,96.08000183105469,98.19999694824219,98.43000030517578,1265600,98.43000030517578
2018-06-22,99.76000213623047,98.02999877929688,98.44000244140625,99.02999877929688,1580200,99.02999877929688
2018-06-25,97.97000122070312,93.43000030517578,97.97000122070312,94.87999725341797,1489800,94.87999725341797
2018-06-26,95.94999694824219,93.04000091552734,95.19000244140625,93.79000091552734,1175500,93.79000091552734
2018-06-27,94.48999786376953,91.61000061035156,93.5199966430664,91.72000122070312,1329600,91.72000122070312
2018-06-28,91.93000030517578,90.19000244140625,91.58999633789062,91.1500015258789,1574800,91.1500015258789
2018-06-29,94.68000030517578,91.81999969482422,91.9000015258789,94.19999694824219,1528000,94.19999694824219
2018-07-02,94.38999938964844,92.7699966430664,93.41000366210938,93.91999816894531,787300,93.91999816894531
2018-07-03,95.20999908447266,93.93000030517578,94.33999633789062,94.45999908447266,357400,94.45999908447266
2018-07-05,95.52999877929688,93.97000122070312,94.6500015258789,95.5,991700,95.5
2018-07-06,98.27999877929688,95.61000061035156,95.75,98.25,926100,98.25
2018-07-09,99.66000366210938,95.37000274658203,95.37000274658203,99.55000305175781,1559800,99.55000305175781
2018-07-10,100.16000366210938,98.62000274658203,100.0,99.37000274658203,1261700,99.37000274658203
2018-07-11,100.69000244140625,97.2300033569336,98.04000091552734,100.11000061035156,1114400,100.11000061035156
2018-07-12,103.52999877929688,100.77999877929688,101.0,103.30999755859375,1782200,103.30999755859375
2018-07-13,103.95999908447266,101.55999755859375,101.55999755859375,103.61000061035156,1368900,103.61000061035156
2018-07-16,104.0,101.87000274658203,104.0,102.7300033569336,942700,102.7300033569336
2018-07-17,104.45999908447266,102.22000122070312,102.26000213623047,103.91999816894531,878300,103.91999816894531
2018-07-18,104.37999725341797,102.4000015258789,103.77999877929688,102.69000244140625,1019700,102.69000244140625
2018-07-19,103.2300033569336,100.6500015258789,102.87999725341797,102.87000274658203,845500,102.87000274658203
2018-07-20,103.05999755859375,101.33000183105469,103.01000213623047,101.9000015258789,1041000,101.9000015258789
2018-07-23,102.6500015258789,101.0199966430664,101.69000244140625,101.6500015258789,1284700,101.6500015258789
2018-07-24,103.4800033569336,100.6500015258789,102.47000122070312,101.0,1069100,101.0
2018-07-25,102.25,100.9800033569336,101.30999755859375,102.18000030517578,1309100,102.18000030517578
2018-07-26,102.75,100.83000183105469,101.86000061035156,102.27999877929688,1254000,102.27999877929688
2018-07-27,102.23999786376953,99.05999755859375,102.23999786376953,100.04000091552734,1215700,100.04000091552734
2018-07-30,100.26000213623047,98.33000183105469,99.98999786376953,99.37999725341797,894800,99.37999725341797
2018-07-31,101.30999755859375,99.43000030517578,99.98999786376953,100.55999755859375,1129200,100.55999755859375
2018-08-01,101.45999908447266,98.73999786376953,99.91999816894531,100.97000122070312,1140300,100.97000122070312
2018-08-02,102.37000274658203,99.8499984741211,100.16000366210938,102.05000305175781,1252800,102.05000305175781
2018-08-03,104.0,98.70999908447266,103.76000213623047,99.47000122070312,1115800,99.47000122070312
2018-08-06,99.87000274658203,97.04000091552734,99.61000061035156,97.94999694824219,1051000,97.94999694824219
2018-08-07,106.19999694824219,101.73999786376953,103.1500015258789,105.72000122070312,3454200,105.72000122070312
2018-08-08,105.54000091552734,103.26000213623047,105.4800033569336,103.31999969482422,1325900,103.31999969482422
2018-08-09,103.54000091552734,101.06999969482422,102.80999755859375,102.02999877929688,806400,102.02999877929688
2018-08-10,102.41999816894531,100.23999786376953,101.31999969482422,101.45999908447266,645000,101.45999908447266
2018-08-13,103.08000183105469,101.41999816894531,101.41999816894531,102.72000122070312,919400,102.72000122070312
2018-08-14,103.80999755859375,102.44000244140625,103.22000122070312,103.13999938964844,634700,103.13999938964844
2018-08-15,103.1500015258789,101.33000183105469,102.27999877929688,101.80999755859375,720600,101.80999755859375
2018-08-16,102.5,99.98999786376953,102.30999755859375,100.31999969482422,1297300,100.31999969482422
2018-08-17,101.5999984741211,99.31999969482422,99.98999786376953,101.01000213623047,1411300,101.01000213623047
2018-08-20,101.31999969482422,98.81999969482422,101.22000122070312,99.02999877929688,1110200,99.02999877929688
2018-08-21,100.30999755859375,99.05999755859375,99.58000183105469,99.73999786376953,1200500,99.73999786376953
2018-08-22,101.94000244140625,99.31999969482422,99.61000061035156,101.52999877929688,562400,101.52999877929688
2018-08-23,101.30000305175781,98.88999938964844,101.23999786376953,99.08999633789062,952200,99.08999633789062
2018-08-24,99.16000366210938,97.55000305175781,99.0,98.76000213623047,752500,98.76000213623047
2018-08-27,100.7300033569336,97.26000213623047,99.33999633789062,100.02999877929688,915200,100.02999877929688
2018-08-28,100.4000015258789,97.54000091552734,99.9000015258789,98.91999816894531,757300,98.91999816894531
2018-08-29,100.0999984741211,98.33999633789062,99.0999984741211,99.95999908447266,903400,99.95999908447266
2018-08-30,100.13999938964844,99.05999755859375,99.70999908447266,99.26000213623047,673400,99.26000213623047
2018-08-31,100.0999984741211,99.0,99.05999755859375,99.9800033569336,668000,99.9800033569336
2018-09-04,98.91000366210938,95.16000366210938,98.16000366210938,95.77999877929688,1579200,95.77999877929688
2018-09-05,97.33999633789062,95.68000030517578,96.33999633789062,96.5999984741211,1251700,96.5999984741211
2018-09-06,97.98999786376953,95.7300033569336,96.93000030517578,96.16000366210938,1245100,96.16000366210938
2018-09-07,98.4800033569336,95.52999877929688,96.08000183105469,98.04000091552734,1121000,98.04000091552734
2018-09-10,98.38999938964844,97.05999755859375,98.38999938964844,97.51000213623047,918300,97.51000213623047
2018-09-11,98.05000305175781,96.41999816894531,97.27999877929688,96.70999908447266,740300,96.70999908447266
2018-09-12,98.87999725341797,96.18000030517578,96.54000091552734,98.58000183105469,1558300,98.58000183105469
2018-09-13,100.19999694824219,98.58999633789062,98.80000305175781,99.56999969482422,934200,99.56999969482422
2018-09-14,100.0,98.25,100.0,99.41000366210938,1298400,99.41000366210938
2018-09-17,99.80000305175781,97.7699966430664,99.19999694824219,98.1500015258789,1051100,98.1500015258789
2018-09-18,99.91000366210938,97.7300033569336,98.0199966430664,99.55999755859375,1277100,99.55999755859375
2018-09-19,100.66000366210938,98.8499984741211,99.55000305175781,99.7699966430664,832700,99.7699966430664
2018-09-20,101.44000244140625,100.01000213623047,100.55999755859375,100.4000015258789,1176300,100.4000015258789
2018-09-21,100.83999633789062,96.79000091552734,100.30000305175781,97.83999633789062,1956900,97.83999633789062
2018-09-24,97.79000091552734,96.0199966430664,97.23999786376953,97.62999725341797,1542200,97.62999725341797
2018-09-25,97.94999694824219,96.0199966430664,97.68000030517578,96.27999877929688,1434800,96.27999877929688
2018-09-26,99.3499984741211,96.38999938964844,96.38999938964844,98.08000183105469,1416500,98.08000183105469
2018-09-27,98.88999938964844,96.7300033569336,97.93000030517578,97.97000122070312,1581400,97.97000122070312
2018-09-28,98.94999694824219,96.8499984741211,97.97000122070312,96.97000122070312,1625100,96.97000122070312
2018-10-01,99.76000213623047,97.2699966430664,98.12999725341797,98.62000274658203,1177500,98.62000274658203
2018-10-02,99.66000366210938,97.5999984741211,98.79000091552734,99.0,969400,99.0
2018-10-03,100.23999786376953,98.5999984741211,99.36000061035156,99.68000030517578,1064800,99.68000030517578
2018-10-04,100.12000274658203,97.9800033569336,99.77999877929688,98.75,1366800,98.75
2018-10-05,102.58999633789062,99.13999938964844,99.13999938964844,101.08999633789062,1564400,101.08999633789062
2018-10-08,102.30999755859375,100.54000091552734,101.18000030517578,101.33000183105469,1594800,101.33000183105469
2018-10-09,104.9800033569336,101.11000061035156,101.11000061035156,104.2699966430664,1445000,104.2699966430664
2018-10-10,104.73999786376953,98.25,103.33999633789062,98.44000244140625,2217900,98.44000244140625
2018-10-11,99.20999908447266,96.0999984741211,97.55999755859375,97.30000305175781,1559200,97.30000305175781
2018-10-12,99.87000274658203,97.12000274658203,99.06999969482422,99.51000213623047,871400,99.51000213623047
2018-10-15,100.88999938964844,98.54000091552734,99.4000015258789,99.44999694824219,1150700,99.44999694824219
2018-10-16,106.16000366210938,100.0,100.08999633789062,106.01000213623047,1430900,106.01000213623047
2018-10-17,106.73999786376953,104.1500015258789,106.08999633789062,106.06999969482422,1378200,106.06999969482422
2018-10-18,106.69999694824219,103.37000274658203,106.25,103.81999969482422,1273500,103.81999969482422
2018-10-19,105.44999694824219,102.41000366210938,104.68000030517578,103.22000122070312,930000,103.22000122070312
2018-10-22,104.47000122070312,101.66000366210938,103.55000305175781,103.52999877929688,976200,103.52999877929688
2018-10-23,103.11000061035156,98.75,102.2699966430664,100.23999786376953,1462700,100.23999786376953
2018-10-24,101.12000274658203,92.7699966430664,100.44999694824219,92.87999725341797,1679700,92.87999725341797
2018-10-25,97.4800033569336,92.18000030517578,93.08999633789062,96.43000030517578,1566300,96.43000030517578
2018-10-26,99.9800033569336,90.0,90.0,97.44000244140625,2311800,97.44000244140625
2018-10-29,99.08999633789062,92.08000183105469,99.0,93.76000213623047,1386300,93.76000213623047
2018-10-30,94.73999786376953,90.37999725341797,93.41000366210938,92.11000061035156,1394900,92.11000061035156
2018-10-31,93.87999725341797,92.06999969482422,92.79000091552734,92.16999816894531,1116800,92.16999816894531
2018-11-01,98.16000366210938,92.16999816894531,92.55000305175781,97.44999694824219,1264300,97.44999694824219
2018-11-02,99.48999786376953,96.47000122070312,97.87999725341797,97.95999908447266,929900,97.95999908447266
2018-11-05,98.87000274658203,95.55000305175781,98.68000030517578,97.75,640400,97.75
2018-11-06,98.8499984741211,95.58999633789062,97.43000030517578,96.58000183105469,780000,96.58000183105469
2018-11-07,99.1500015258789,95.58999633789062,97.05999755859375,99.05999755859375,1104100,99.05999755859375
2018-11-08,101.72000122070312,98.33000183105469,99.01000213623047,98.54000091552734,798900,98.54000091552734
2018-11-09,99.73999786376953,94.97000122070312,98.12999725341797,95.66999816894531,850300,95.66999816894531
2018-11-12,95.55000305175781,92.18000030517578,95.36000061035156,93.06999969482422,915200,93.06999969482422
2018-11-13,95.5,92.77999877929688,93.77999877929688,93.5199966430664,875400,93.5199966430664
2018-11-14,94.83000183105469,90.87000274658203,94.0199966430664,91.76000213623047,1130300,91.76000213623047
2018-11-15,94.75,90.25,91.11000061035156,94.75,1043000,94.75
2018-11-16,96.66999816894531,92.80000305175781,93.94999694824219,95.69999694824219,711900,95.69999694824219
2018-11-19,96.06999969482422,92.37000274658203,95.58999633789062,93.70999908447266,848500,93.70999908447266
2018-11-20,93.76000213623047,90.98999786376953,93.26000213623047,91.47000122070312,812500,91.47000122070312
2018-11-21,94.87999725341797,91.94000244140625,92.29000091552734,93.58999633789062,542100,93.58999633789062
2018-11-23,96.04000091552734,92.47000122070312,92.51000213623047,93.77999877929688,262300,93.77999877929688
2018-11-26,97.19999694824219,94.54000091552734,94.75,97.01000213623047,854100,97.01000213623047
2018-11-27,97.06999969482422,94.37999725341797,96.33000183105469,96.37000274658203,460700,96.37000274658203
2018-11-28,98.98999786376953,95.0,96.06999969482422,98.61000061035156,834600,98.61000061035156
2018-11-29,98.76000213623047,96.37999725341797,97.91999816894531,96.75,623200,96.75
2018-11-30,97.11000061035156,94.19999694824219,96.91999816894531,96.02999877929688,1077600,96.02999877929688
2018-12-03,99.88999938964844,96.41999816894531,96.61000061035156,97.79000091552734,1227300,97.79000091552734
2018-12-04,98.86000061035156,93.4000015258789,97.33999633789062,93.69000244140625,1062000,93.69000244140625
2018-12-06,96.66999816894531,91.56999969482422,92.30000305175781,95.54000091552734,1087300,95.54000091552734
2018-12-07,96.12000274658203,91.58000183105469,94.44000244140625,92.69999694824219,715100,92.69999694824219
2018-12-10,94.06999969482422,91.56999969482422,93.0,93.83000183105469,962000,93.83000183105469
2018-12-11,95.33000183105469,91.87999725341797,94.83000183105469,92.33999633789062,655800,92.33999633789062
2018-12-12,97.62000274658203,92.63999938964844,93.12000274658203,94.51000213623047,1215700,94.51000213623047
2018-12-13,95.43000030517578,92.87000274658203,94.94000244140625,93.88999938964844,697500,93.88999938964844
2018-12-14,94.5999984741211,92.48999786376953,92.63999938964844,93.11000061035156,954400,93.11000061035156
2018-12-17,95.69999694824219,91.01000213623047,92.63999938964844,92.44999694824219,896000,92.44999694824219
2018-12-18,93.23999786376953,88.12000274658203,92.8499984741211,89.58000183105469,1113400,89.58000183105469
2018-12-19,90.75,85.23999786376953,89.8499984741211,85.87999725341797,973800,85.87999725341797
2018-12-20,87.5999984741211,83.26000213623047,86.02999877929688,85.83000183105469,1375400,85.83000183105469
2018-12-21,86.95999908447266,80.52999877929688,85.97000122070312,80.91999816894531,2111500,80.91999816894531
2018-12-24,81.97000122070312,80.05999755859375,80.5,80.13999938964844,812400,80.13999938964844
2018-12-26,83.80000305175781,79.12999725341797,80.5,83.77999877929688,1173200,83.77999877929688
2018-12-27,84.05999755859375,80.5199966430664,82.52999877929688,84.0,872500,84.0
2018-12-28,85.43000030517578,82.0199966430664,84.04000091552734,83.5999984741211,980400,83.5999984741211
2018-12-31,85.5,83.0199966430664,83.88999938964844,85.1500015258789,897900,85.1500015258789
2019-01-02,85.36000061035156,82.01000213623047,82.0999984741211,84.95999908447266,624800,84.95999908447266
2019-01-03,86.98999786376953,83.87000274658203,86.11000061035156,84.19999694824219,1004600,84.19999694824219
2019-01-04,88.2300033569336,85.04000091552734,85.44999694824219,87.0999984741211,1382600,87.0999984741211
2019-01-07,91.91000366210938,87.06999969482422,87.58000183105469,90.19000244140625,1435100,90.19000244140625
2019-01-08,92.80999755859375,89.20999908447266,90.94999694824219,92.30000305175781,1086300,92.30000305175781
2019-01-09,92.58000183105469,90.2699966430664,92.37999725341797,90.86000061035156,1194200,90.86000061035156
2019-01-10,94.3499984741211,90.0,90.55000305175781,93.94000244140625,971000,93.94000244140625
2019-01-11,95.11000061035156,93.08999633789062,93.81999969482422,94.45999908447266,659900,94.45999908447266
2019-01-14,94.4000015258789,93.0,93.79000091552734,93.1500015258789,929800,93.1500015258789
2019-01-15,96.27999877929688,92.6500015258789,93.23999786376953,94.93000030517578,867100,94.93000030517578
2019-01-16,97.5999984741211,94.83999633789062,94.83999633789062,95.70999908447266,615000,95.70999908447266
2019-01-17,98.52999877929688,95.23999786376953,95.23999786376953,97.51000213623047,736000,97.51000213623047
2019-01-18,98.5199966430664,95.63999938964844,98.30000305175781,97.69000244140625,1287400,97.69000244140625
2019-01-22,97.70999908447266,95.11000061035156,96.81999969482422,95.66000366210938,1434600,95.66000366210938
2019-01-23,96.41999816894531,92.33000183105469,95.5999984741211,93.58000183105469,1069100,93.58000183105469
2019-01-24,94.16000366210938,92.63999938964844,93.68000030517578,92.68000030517578,824000,92.68000030517578
2019-01-25,95.56999969482422,92.5,93.0,95.44000244140625,1239200,95.44000244140625
2019-01-28,94.87999725341797,91.5,94.37000274658203,93.19000244140625,746100,93.19000244140625
2019-01-29,94.30999755859375,92.33999633789062,93.55000305175781,94.18000030517578,577400,94.18000030517578
2019-01-30,97.13999938964844,93.52999877929688,94.2300033569336,96.97000122070312,707400,96.97000122070312
2019-01-31,98.75,96.91999816894531,97.19000244140625,98.16999816894531,621500,98.16999816894531
2019-02-01,98.7699966430664,97.22000122070312,98.0,98.62000274658203,898400,98.62000274658203
2019-02-04,98.80999755859375,97.29000091552734,98.3499984741211,98.4000015258789,471900,98.4000015258789
2019-02-05,100.12999725341797,97.27999877929688,98.62999725341797,97.58000183105469,762800,97.58000183105469
2019-02-06,97.94000244140625,95.61000061035156,97.69999694824219,95.94999694824219,742600,95.94999694824219
2019-02-07,95.83999633789062,92.94999694824219,95.52999877929688,93.76000213623047,778600,93.76000213623047
2019-02-08,94.69000244140625,93.01000213623047,93.2300033569336,94.27999877929688,603900,94.27999877929688
2019-02-11,94.69000244140625,92.05999755859375,94.3499984741211,92.6500015258789,789000,92.6500015258789
2019-02-12,95.4000015258789,93.3499984741211,93.47000122070312,95.2300033569336,767300,95.2300033569336
2019-02-13,96.8499984741211,94.73999786376953,95.70999908447266,95.25,708000,95.25
2019-02-14,95.72000122070312,92.79000091552734,95.19999694824219,93.47000122070312,831700,93.47000122070312
2019-02-15,94.5999984741211,93.22000122070312,94.18000030517578,93.98999786376953,1096200,93.98999786376953
2019-02-19,94.48999786376953,91.7300033569336,93.77999877929688,91.8499984741211,974100,91.8499984741211
2019-02-20,92.79000091552734,89.08000183105469,92.0,90.66000366210938,1232400,90.66000366210938
2019-02-21,91.33000183105469,88.5199966430664,90.12000274658203,88.80999755859375,1015200,88.80999755859375
2019-02-22,89.30000305175781,84.01000213623047,86.13999938964844,87.87000274658203,2367500,87.87000274658203
2019-02-25,95.0,90.94000244140625,93.37999725341797,91.36000061035156,2540100,91.36000061035156
2019-02-26,93.45999908447266,91.0,91.29000091552734,92.16999816894531,847700,92.16999816894531
2019-02-27,94.23999786376953,91.5,91.77999877929688,93.7699966430664,939000,93.7699966430664
2019-02-28,94.38999938964844,92.5,93.44999694824219,93.26000213623047,851300,93.26000213623047
2019-03-01,94.77999877929688,93.5,93.8499984741211,94.76000213623047,831500,94.76000213623047
2019-03-04,96.19999694824219,91.83000183105469,95.0,93.13999938964844,1087300,93.13999938964844
2019-03-05,94.61000061035156,92.05000305175781,93.13999938964844,92.68000030517578,715900,92.68000030517578
2019-03-06,92.51000213623047,90.5,92.51000213623047,91.05000305175781,938200,91.05000305175781
2019-03-07,92.1500015258789,89.20999908447266,90.77999877929688,91.30999755859375,957700,91.30999755859375
2019-03-08,91.37999725341797,89.5999984741211,90.44000244140625,89.98999786376953,701100,89.98999786376953
2019-03-11,91.41000366210938,88.69999694824219,89.70999908447266,91.2699966430664,633000,91.2699966430664
2019-03-12,94.0199966430664,91.20999908447266,91.44999694824219,93.04000091552734,669500,93.04000091552734
2019-03-13,95.31999969482422,93.08000183105469,94.05000305175781,95.16000366210938,934800,95.16000366210938
2019-03-14,95.8499984741211,94.41999816894531,95.26000213623047,94.5,741200,94.5
2019-03-15,94.79000091552734,93.12000274658203,94.4000015258789,94.52999877929688,1452900,94.52999877929688
2019-03-18,94.63999938964844,92.91000366210938,94.08999633789062,93.36000061035156,651100,93.36000061035156
2019-03-19,93.91999816894531,91.13999938964844,93.91999816894531,91.44000244140625,1091400,91.44000244140625
2019-03-20,91.81999969482422,89.76000213623047,91.41999816894531,89.95999908447266,956100,89.95999908447266
2019-03-21,91.19999694824219,88.80999755859375,89.4800033569336,90.77999877929688,1110900,90.77999877929688
2019-03-22,90.83000183105469,87.97000122070312,90.25,88.05000305175781,1009800,88.05000305175781
2019-03-25,88.7300033569336,86.62000274658203,87.86000061035156,88.55000305175781,1173100,88.55000305175781
2019-03-26,89.94999694824219,88.61000061035156,89.30999755859375,89.66000366210938,932400,89.66000366210938
2019-03-27,90.0,87.22000122070312,89.76000213623047,87.94000244140625,652600,87.94000244140625
2019-03-28,89.2699966430664,87.19999694824219,88.02999877929688,87.80999755859375,860100,87.80999755859375
2019-03-29,89.20999908447266,87.81999969482422,88.72000122070312,88.83000183105469,871100,88.83000183105469
2019-04-01,90.22000122070312,88.38999938964844,89.0,89.43000030517578,920200,89.43000030517578
2019-04-02,91.83000183105469,87.83000183105469,89.43000030517578,91.2300033569336,1409400,91.2300033569336
2019-04-03,92.41999816894531,91.04000091552734,91.83000183105469,91.88999938964844,1409000,91.88999938964844
2019-04-04,93.91999816894531,91.83999633789062,92.18000030517578,92.37999725341797,946400,92.37999725341797
2019-04-05,94.0,92.70999908447266,93.02999877929688,93.9000015258789,799300,93.9000015258789
2019-04-08,93.76000213623047,90.73999786376953,93.76000213623047,92.37999725341797,579800,92.37999725341797
2019-04-09,92.9000015258789,91.18000030517578,91.9800033569336,91.30999755859375,541000,91.30999755859375
2019-04-10,92.81999969482422,90.8499984741211,91.69999694824219,92.30000305175781,578600,92.30000305175781
2019-04-11,93.20999908447266,88.69000244140625,92.29000091552734,88.83000183105469,861700,88.83000183105469
2019-04-12,89.97000122070312,88.73999786376953,89.12000274658203,89.93000030517578,708200,89.93000030517578
2019-04-15,92.0,89.6500015258789,90.0999984741211,91.8499984741211,1245000,91.8499984741211
2019-04-16,92.80999755859375,88.16999816894531,92.26000213623047,88.51000213623047,1140000,88.51000213623047
2019-04-17,88.62000274658203,81.80999755859375,88.61000061035156,82.3499984741211,3080500,82.3499984741211
2019-04-18,84.47000122070312,81.22000122070312,83.45999908447266,83.16000366210938,2067800,83.16000366210938
2019-04-22,84.70999908447266,82.7300033569336,82.93000030517578,83.70999908447266,989100,83.70999908447266
2019-04-23,87.19000244140625,83.58000183105469,83.58000183105469,86.0,1303800,86.0
2019-04-24,86.16000366210938,84.56999969482422,86.16000366210938,85.48999786376953,937500,85.48999786376953
2019-04-25,85.48999786376953,84.0,85.25,85.30999755859375,1164400,85.30999755859375
2019-04-26,85.5,82.0,84.9800033569336,85.08999633789062,2133300,85.08999633789062
2019-04-29,86.38999938964844,84.5999984741211,84.9800033569336,85.7300033569336,1223000,85.7300033569336
2019-04-30,86.20999908447266,83.58999633789062,85.9800033569336,85.52999877929688,1079000,85.52999877929688
2019-05-01,86.91999816894531,84.06999969482422,85.62000274658203,84.18000030517578,1517200,84.18000030517578
2019-05-02,85.44999694824219,82.88999938964844,84.16999816894531,83.3499984741211,1150000,83.3499984741211
2019-05-03,84.56999969482422,82.9000015258789,83.83000183105469,84.0999984741211,934400,84.0999984741211
2019-05-06,84.20999908447266,82.31999969482422,82.55000305175781,83.47000122070312,1181000,83.47000122070312
2019-05-07,82.9800033569336,81.05000305175781,82.48999786376953,82.0,1922000,82.0
2019-05-08,82.98999786376953,81.5999984741211,82.5,82.72000122070312,1298100,82.72000122070312
2019-05-09,83.55000305175781,81.3499984741211,82.0999984741211,83.37999725341797,993700,83.37999725341797
2019-05-10,83.05000305175781,81.30999755859375,82.91999816894531,82.43000030517578,1241800,82.43000030517578
2019-05-13,81.76000213623047,79.79000091552734,81.01000213623047,80.3499984741211,1033100,80.3499984741211
2019-05-14,81.91000366210938,79.87000274658203,80.62999725341797,81.05000305175781,655400,81.05000305175781
2019-05-15,87.4000015258789,80.5,80.70999908447266,87.16000366210938,2645200,87.16000366210938
2019-05-16,90.61000061035156,87.75,87.76000213623047,89.66999816894531,2928400,89.66999816894531
2019-05-17,90.36000061035156,88.0,89.2300033569336,88.70999908447266,1590800,88.70999908447266
2019-05-20,87.88999938964844,86.19999694824219,87.88999938964844,86.66000366210938,974900,86.66000366210938
2019-05-21,88.58000183105469,86.72000122070312,87.27999877929688,87.47000122070312,884900,87.47000122070312
2019-05-22,88.27999877929688,86.20999908447266,87.19999694824219,87.69000244140625,1119700,87.69000244140625
2019-05-23,87.58999633789062,86.41000366210938,86.98999786376953,86.97000122070312,925300,86.97000122070312
2019-05-24,89.33000183105469,87.44999694824219,87.55000305175781,89.02999877929688,1086200,89.02999877929688
2019-05-28,89.83999633789062,84.12000274658203,89.83999633789062,84.5,5083500,84.5
2019-05-29,84.36000061035156,82.55000305175781,83.77999877929688,82.94999694824219,2099400,82.94999694824219
2019-05-30,84.16999816894531,82.70999908447266,83.04000091552734,83.37999725341797,1450900,83.37999725341797
2019-05-31,83.8499984741211,82.12999725341797,82.73999786376953,82.23999786376953,1240100,82.23999786376953
2019-06-03,83.87000274658203,81.76000213623047,82.5,82.06999969482422,1554300,82.06999969482422
2019-06-04,84.01000213623047,81.69999694824219,82.73999786376953,83.77999877929688,1477900,83.77999877929688
2019-06-05,84.37999725341797,83.04000091552734,84.05999755859375,83.58999633789062,1337200,83.58999633789062
2019-06-06,83.7300033569336,80.19999694824219,83.44999694824219,80.48999786376953,1754900,80.48999786376953
2019-06-07,81.25,79.83000183105469,81.0999984741211,80.63999938964844,3273600,80.63999938964844
2019-06-10,81.86000061035156,80.5999984741211,81.08999633789062,81.11000061035156,1735900,81.11000061035156
2019-06-11,81.86000061035156,80.08000183105469,81.41999816894531,81.08999633789062,1364100,81.08999633789062
2019-06-12,82.95999908447266,80.97000122070312,81.08000183105469,82.30999755859375,943600,82.30999755859375
2019-06-13,83.1500015258789,81.93000030517578,82.58999633789062,82.36000061035156,838300,82.36000061035156
2019-06-14,83.02999877929688,80.54000091552734,82.12000274658203,80.83999633789062,773300,80.83999633789062
2019-06-17,84.80999755859375,81.05000305175781,81.08000183105469,84.16999816894531,1380300,84.16999816894531
2019-06-18,86.62999725341797,84.37000274658203,85.0,85.51000213623047,975400,85.51000213623047
2019-06-19,86.41999816894531,84.58000183105469,85.38999938964844,85.0199966430664,719900,85.0199966430664
2019-06-20,87.83000183105469,85.48999786376953,85.88999938964844,86.36000061035156,988200,86.36000061035156
2019-06-21,88.08999633789062,85.0,86.11000061035156,87.91000366210938,1362900,87.91000366210938
2019-06-24,87.76000213623047,85.29000091552734,87.70999908447266,85.9000015258789,1061900,85.9000015258789
2019-06-25,86.30999755859375,83.6500015258789,85.68000030517578,83.81999969482422,1202300,83.81999969482422
2019-06-26,84.01000213623047,82.43000030517578,83.73999786376953,82.94999694824219,1128800,82.94999694824219
2019-06-27,84.16000366210938,81.66999816894531,83.05000305175781,84.02999877929688,1103600,84.02999877929688
2019-06-28,85.91999816894531,83.19000244140625,84.37000274658203,85.6500015258789,1609900,85.6500015258789
2019-07-01,86.98999786376953,84.04000091552734,86.98999786376953,84.1500015258789,1235900,84.1500015258789
2019-07-02,84.48999786376953,83.66000366210938,84.1500015258789,84.05000305175781,973800,84.05000305175781
2019-07-03,84.80000305175781,83.9000015258789,84.05999755859375,84.1500015258789,487900,84.1500015258789
2019-07-05,83.8499984741211,81.66000366210938,83.66000366210938,82.0,990200,82.0
2019-07-08,82.04000091552734,79.41000366210938,81.62999725341797,80.38999938964844,2032700,80.38999938964844
2019-07-09,83.26000213623047,80.06999969482422,80.33999633789062,83.12999725341797,1959800,83.12999725341797
2019-07-10,85.79000091552734,83.51000213623047,83.51000213623047,85.11000061035156,1370100,85.11000061035156
2019-07-11,85.23999786376953,81.16999816894531,84.91999816894531,82.72000122070312,1167000,82.72000122070312
2019-07-12,84.04000091552734,82.19999694824219,82.94000244140625,82.94999694824219,796200,82.94999694824219
2019-07-15,84.0199966430664,82.66000366210938,83.2300033569336,83.98999786376953,684000,83.98999786376953
2019-07-16,84.13999938964844,82.13999938964844,84.13999938964844,82.37000274658203,580600,82.37000274658203
2019-07-17,83.38999938964844,81.37000274658203,82.26000213623047,82.47000122070312,703500,82.47000122070312
2019-07-18,83.55000305175781,82.16000366210938,82.16000366210938,83.19000244140625,917600,83.19000244140625
2019-07-19,83.70999908447266,81.38999938964844,83.70999908447266,81.56999969482422,893900,81.56999969482422
2019-07-22,82.48999786376953,80.98999786376953,81.93000030517578,81.5999984741211,704100,81.5999984741211
2019-07-23,81.94999694824219,80.5,81.66000366210938,80.5999984741211,654800,80.5999984741211
2019-07-24,81.63999938964844,80.29000091552734,80.61000061035156,81.0999984741211,699000,81.0999984741211
2019-07-25,81.13999938964844,80.33999633789062,81.0999984741211,80.66999816894531,755600,80.66999816894531
2019-07-26,81.43000030517578,80.25,81.05000305175781,81.11000061035156,837200,81.11000061035156
2019-07-29,81.66999816894531,79.52999877929688,81.12999725341797,79.81999969482422,1181100,79.81999969482422
